  0.000000000000000E+000  -2.09736853116912       1.934040002383795E-017
  7.812500000000000E-003  -2.09824754740265      -5.003123224923374E-003
  1.562500000000000E-002  -2.09794280537488      -1.223669487610578E-002
  2.343750000000000E-002  -2.09579742373744      -1.720917807115993E-002
  3.125000000000000E-002  -2.09525810047315      -2.061987164665302E-002
  3.906250000000000E-002  -2.09565251214824      -2.753195752728663E-002
  4.687500000000000E-002  -2.09189453095734      -2.754471345409771E-002
  5.468750000000000E-002  -2.09489568820068      -2.869011354007581E-002
  6.250000000000000E-002  -2.09852214673838      -3.210872605762204E-002
  7.031250000000000E-002  -2.10198183819605      -3.613373938844629E-002
  7.812500000000000E-002  -2.10500823381740      -4.091288804077514E-002
  8.593750000000000E-002  -2.10720676611678      -4.517523166244090E-002
  9.375000000000000E-002  -2.10981792426731      -4.871886647677287E-002
  0.101562500000000       -2.11457065057196      -5.115991320847220E-002
  0.109375000000000       -2.12013351089658      -5.640932938985087E-002
  0.117187500000000       -2.12332427530299      -6.009773976610858E-002
  0.125000000000000       -2.12843260780694      -6.311688909240115E-002
  0.132812500000000       -2.13440134783243      -6.544420023492253E-002
  0.140625000000000       -2.14212220701760      -6.685176492803746E-002
  0.148437500000000       -2.15382855810054      -6.800724501836022E-002
  0.156250000000000       -2.16949940691534      -7.154690238141335E-002
  0.164062500000000       -2.18394175009971      -8.084950081874931E-002
  0.171875000000000       -2.20093459408208      -8.682016516672875E-002
  0.179687500000000       -2.22429913926986      -0.102039193405210     
  0.187500000000000       -2.24201200058565      -0.119619151965912     
  0.195312500000000       -2.26414247060948      -0.141247890032327     
  0.203125000000000       -2.28269008288652      -0.168466343606739     
  0.210937500000000       -2.31185050773146      -0.205063712720382     
  0.218750000000000       -2.31678847902351      -0.293369732193906     
  0.226562500000000       -2.26430295881028      -0.340709545077845     
  0.234375000000000       -2.21657447649100      -0.353647523042878     
  0.242187500000000       -2.18353441513953      -0.346512115564781     
  0.250000000000000       -2.16962343519718      -0.334181944944944     
  0.257812500000000       -2.17389754988133      -0.321702128508968     
  0.265625000000000       -2.19053867034110      -0.340605038866253     
  0.273437500000000       -2.18763856812991      -0.374453862345966     
  0.281250000000000       -2.13336945592956      -0.426164661432733     
  0.289062500000000       -2.08690427282419      -0.360098853915766     
  0.296875000000000       -2.09911211401496      -0.321500373282031     
  0.304687500000000       -2.13037377636615      -0.297884309012441     
  0.312500000000000       -2.16309984045174      -0.314138574286855     
  0.320312500000000       -2.17690618562417      -0.330966139598670     
  0.328125000000000       -2.18333140916872      -0.347052587718919     
  0.335937500000000       -2.18936670417262      -0.354031242107322     
  0.343750000000000       -2.20218543646245      -0.366638035377730     
  0.351562500000000       -2.21443044675338      -0.386922959979572     
  0.359375000000000       -2.21063818793145      -0.418589217167876     
  0.367187500000000       -2.19902451669815      -0.429433291562269     
  0.375000000000000       -2.19144010414164      -0.435796329886261     
  0.382812500000000       -2.18359935811529      -0.435651427364173     
  0.390625000000000       -2.19323843374357      -0.423751583675966     
  0.398437500000000       -2.21218796390466      -0.425789155439874     
  0.406250000000000       -2.23370342867593      -0.434908992740091     
  0.414062500000000       -2.25923342201659      -0.454812721779216     
  0.421875000000000       -2.26827912972924      -0.485231136827673     
  0.429687500000000       -2.27345352457708      -0.511262406923836     
  0.437500000000000       -2.27369953974889      -0.537745409394182     
  0.445312500000000       -2.25967942579592      -0.559187682505104     
  0.453125000000000       -2.26121788188702      -0.558876150282731     
  0.460937500000000       -2.27223649342103      -0.566512473663104     
  0.468750000000000       -2.28742241393841      -0.579020824085743     
  0.476562500000000       -2.30740354277302      -0.597119103015895     
  0.484375000000000       -2.32320300032377      -0.627797440646832     
  0.492187500000000       -2.33445538655842      -0.658414807161659     
  0.500000000000000       -2.34453296840322      -0.691554203406307     
  0.507812500000000       -2.35412304955857      -0.730303981208610     
  0.515625000000000       -2.34763225085549      -0.778657714803610     
  0.523437500000000       -2.33523119609761      -0.812816495374161     
  0.531250000000000       -2.32414886495885      -0.843639806007389     
  0.539062500000000       -2.31364019055713      -0.873747132843725     
  0.546875000000000       -2.29966432683540      -0.906780594601653     
  0.554687500000000       -2.28358774847577      -0.928046976895374     
  0.562500000000000       -2.27462927464820      -0.950599132769375     
  0.570312500000000       -2.26851730094208      -0.977217635815637     
  0.578125000000000       -2.26265775261123       -1.01112559062269     
  0.585937500000000       -2.24311391125059       -1.05910236523766     
  0.593750000000000       -2.20719944035891       -1.08790549020616     
  0.601562500000000       -2.17444169163939       -1.10777085415110     
  0.609375000000000       -2.14350790714004       -1.12231868141721     
  0.617187500000000       -2.11372087395007       -1.13222957639817     
  0.625000000000000       -2.08466148045448       -1.13418015063086     
  0.632812500000000       -2.06611515087484       -1.13155454276284     
  0.640625000000000       -2.05269956632703       -1.12955925806029     
  0.648437500000000       -2.04364300282870       -1.12706205187124     
  0.656250000000000       -2.04003630552891       -1.12296045231021     
  0.664062500000000       -2.04915829319200       -1.11460475804030     
  0.671875000000000       -2.07131386660828       -1.13292602433867     
  0.679687500000000       -2.08224099098449       -1.15745964267515     
  0.687500000000000       -2.08969501664136       -1.18552647814501     
  0.695312500000000       -2.09459696269103       -1.21703769528518     
  0.703125000000000       -2.09692982666749       -1.25185364720440     
  0.710937500000000       -2.09799407150305       -1.29000763776697     
  0.718750000000000       -2.09538987612755       -1.33360574445575     
  0.726562500000000       -2.08844713328558       -1.38174995758176     
  0.734375000000000       -2.07546961998252       -1.43516800458281     
  0.742187500000000       -2.05288455044929       -1.49407965191051     
  0.750000000000000       -2.01252172214150       -1.55631374104284     
  0.757812500000000       -1.95458771970919       -1.58889161091463     
  0.765625000000000       -1.91860907995069       -1.61877744466844     
  0.773437500000000       -1.88317139757906       -1.65673937812264     
  0.781250000000000       -1.84190769569231       -1.70223633499550     
  0.789062500000000       -1.78753466035733       -1.75498442924363     
  0.796875000000000       -1.70510406805007       -1.81165059344614     
  0.804687500000000       -1.58018893109985       -1.80984300275732     
  0.812500000000000       -1.51143383346138       -1.77988016499928     
  0.820312500000000       -1.45858796352821       -1.75844755150690     
  0.828125000000000       -1.41137262414526       -1.74268313848395     
  0.835937500000000       -1.36499572473568       -1.73026797420227     
  0.843750000000000       -1.31641355534028       -1.71828246772465     
  0.851562500000000       -1.26313255576321       -1.70117657803427     
  0.859375000000000       -1.21682569310150       -1.67448679468535     
  0.867187500000000       -1.17516009112135       -1.64749605636387     
  0.875000000000000       -1.13583502615171       -1.61885813525488     
  0.882812500000000       -1.09836351879288       -1.58733670450939     
  0.890625000000000       -1.06281123973566       -1.55126340006853     
  0.898437500000000       -1.02971661073021       -1.50719800202144     
  0.906250000000000       -1.01548894377198       -1.44304788207940     
  0.914062500000000       -1.02687884021354       -1.40146344213567     
  0.921875000000000       -1.03835206355306       -1.37249962793791     
  0.929687500000000       -1.05018120334113       -1.35088416323047     
  0.937500000000000       -1.06300529198939       -1.33493055847594     
  0.945312500000000       -1.07795550765948       -1.32436131883439     
  0.953125000000000       -1.09758128940435       -1.32077544343262     
  0.960937500000000       -1.12188690844267       -1.34337848452312     
  0.968750000000000       -1.11476622610320       -1.37166762122224     
  0.976562500000000       -1.09921339760405       -1.39365602629373     
  0.984375000000000       -1.07754081281243       -1.41213120093363     
  0.992187500000000       -1.05029451178299       -1.42714539069806     
   1.00000000000000       -1.01775428908788       -1.43771793850784     
   1.00781250000000      -0.980464356808362       -1.44181135641308     
   1.01562500000000      -0.940287656099814       -1.43428768999529     
   1.02343750000000      -0.916073945355238       -1.42123370906338     
   1.03125000000000      -0.890602364711354       -1.41537143772274     
   1.03906250000000      -0.862165197072695       -1.40997685380174     
   1.04687500000000      -0.830525301917424       -1.40315457160670     
   1.05468750000000      -0.795503001784007       -1.39326743181315     
   1.06250000000000      -0.757039616024808       -1.37822848897021     
   1.07031250000000      -0.715423828175663       -1.35448852362909     
   1.07812500000000      -0.676594979246673       -1.30869238416236     
   1.08593750000000      -0.667416718382035       -1.26836082455523     
   1.09375000000000      -0.658303327572828       -1.23744977869713     
   1.10156250000000      -0.649119057524898       -1.20965673694452     
   1.10937500000000      -0.640013224734042       -1.18309221362126     
   1.11718750000000      -0.631252405134491       -1.15673534018544     
   1.12500000000000      -0.623218632816296       -1.12986901883748     
   1.13281250000000      -0.616491119050428       -1.10180041916128     
   1.14062500000000      -0.612526299648266       -1.07075833346071     
   1.14843750000000      -0.617557512441490       -1.04399974175767     
   1.15625000000000      -0.620826746188339       -1.02182950097504     
   1.16406250000000      -0.623500062167810       -1.00104016902413     
   1.17187500000000      -0.626013207570370      -0.980866230454240     
   1.17968750000000      -0.628700239976931      -0.960830734257809     
   1.18750000000000      -0.631919876647702      -0.940507906888149     
   1.19531250000000      -0.636176934632421      -0.919352008112807     
   1.20312500000000      -0.642500044304326      -0.896215031680584     
   1.21093750000000      -0.659886211811205      -0.870444823077797     
   1.21875000000000      -0.680447819125368      -0.859511338578451     
   1.22656250000000      -0.697270723228774      -0.853185757436547     
   1.23437500000000      -0.711860405354617      -0.849618487953575     
   1.24218750000000      -0.724827384118939      -0.848282082463033     
   1.25000000000000      -0.736518262423820      -0.849086914018173     
   1.25781250000000      -0.747148616475845      -0.852271620193348     
   1.26562500000000      -0.756831035993147      -0.858561756096137     
   1.27343750000000      -0.765483591044254      -0.870047995270333     
   1.28125000000000      -0.762647219766996      -0.894210073426113     
   1.28906250000000      -0.745337283149638      -0.904500837542909     
   1.29687500000000      -0.728355203174132      -0.908048652625957     
   1.30468750000000      -0.711362387016232      -0.907438951373249     
   1.31250000000000      -0.694415609621907      -0.903404510396657     
   1.32031250000000      -0.677710240124504      -0.896200417678125     
   1.32812500000000      -0.661553034270840      -0.885865533765976     
   1.33593750000000      -0.646394679436282      -0.872280817415730     
   1.34375000000000      -0.632965269870087      -0.855078861824579     
   1.35156250000000      -0.623204478816097      -0.832615424389198     
   1.35937500000000      -0.624897570492842      -0.814033757260151     
   1.36718750000000      -0.624066249864504      -0.800477923443715     
   1.37500000000000      -0.622341745539425      -0.787686271466669     
   1.38281250000000      -0.620265899504201      -0.775009430872265     
   1.39062500000000      -0.618137186272706      -0.762165174960535     
   1.39843750000000      -0.616179204802352      -0.749005151055464     
   1.40625000000000      -0.614595951855558      -0.735449277574562     
   1.41406250000000      -0.613608302150982      -0.721462063870820     
   1.42187500000000      -0.613518523557981      -0.707044119371285     
   1.42968750000000      -0.615167358730373      -0.692199679841742     
   1.43750000000000      -0.617946594474398      -0.680240088153779     
   1.44531250000000      -0.619463534548984      -0.668406835081778     
   1.45312500000000      -0.620738224359413      -0.656304194998668     
   1.46093750000000      -0.622044143308591      -0.643838854817324     
   1.46875000000000      -0.623559219649558      -0.630948473125637     
   1.47656250000000      -0.625436924668367      -0.617577462496072     
   1.48437500000000      -0.627836501497832      -0.603663048282047     
   1.49218750000000      -0.630953162875589      -0.589115509666458     
   1.50000000000000      -0.635082179888905      -0.573767610798110     
   1.50781250000000      -0.640889425988266      -0.557141262648026     
   1.51562500000000      -0.652757659787137      -0.541048772481014     
   1.52343750000000      -0.664046235368409      -0.530616277744901     
   1.53125000000000      -0.674088111481321      -0.521366291487677     
   1.53906250000000      -0.683489862120526      -0.512739973875331     
   1.54687500000000      -0.692513852451052      -0.504512677667822     
   1.55468750000000      -0.701322612468884      -0.496558201924669     
   1.56250000000000      -0.710040102222225      -0.488791287701028     
   1.57031250000000      -0.718779597132828      -0.481143700061279     
   1.57812500000000      -0.727667553922328      -0.473547282790680     
   1.58593750000000      -0.736887838542579      -0.465907008419546     
   1.59375000000000      -0.746867363888336      -0.457988589169661     
   1.60156250000000      -0.759766546300119      -0.451408417330712     
   1.60937500000000      -0.771319367631849      -0.447848156033350     
   1.61718750000000      -0.781833509041816      -0.444925262588344     
   1.62500000000000      -0.791694044270425      -0.442417714089311     
   1.63281250000000      -0.801066757573025      -0.440248938472636     
   1.64062500000000      -0.810043922044471      -0.438393064054004     
   1.64843750000000      -0.818679234576989      -0.436854802673776     
   1.65625000000000      -0.826997974122550      -0.435667343219472     
   1.66406250000000      -0.834994987121008      -0.434902343508105     
   1.67187500000000      -0.842616069969721      -0.434702550538547     
   1.67968750000000      -0.849682298248644      -0.435398607945294     
   1.68750000000000      -0.854574531969072      -0.438487259825118     
   1.69531250000000      -0.855423681364203      -0.437340884590523     
   1.70312500000000      -0.857667924905030      -0.434230962946651     
   1.71093750000000      -0.860634969370956      -0.430202708670058     
   1.71875000000000      -0.864186799307037      -0.425531130787990     
   1.72656250000000      -0.868281010164804      -0.420352411808579     
   1.73437500000000      -0.872913627661313      -0.414750558146336     
   1.74218750000000      -0.878103023113795      -0.408785025798776     
   1.75000000000000      -0.883885766155652      -0.402502920642353     
   1.75781250000000      -0.890319443997370      -0.395946175741111     
   1.76562500000000      -0.897495967510022      -0.389158154594757     
   1.77343750000000      -0.905590351561729      -0.382196038408312     
   1.78125000000000      -0.915366820508593      -0.375234870313745     
   1.78906250000000      -0.925093402102720      -0.370732233458372     
   1.79687500000000      -0.934108607097568      -0.365748883096026     
   1.80468750000000      -0.943227461945718      -0.360362468849008     
   1.81250000000000      -0.952694930255237      -0.354586476265937     
   1.82031250000000      -0.962681118984325      -0.348419546525102     
   1.82812500000000      -0.973343530512219      -0.341849344441525     
   1.83593750000000      -0.984854649248100      -0.334851221867830     
   1.84375000000000      -0.997426864285410      -0.327383311047455     
   1.85156250000000       -1.01134948555246      -0.319375870082857     
   1.85937500000000       -1.02706272846129      -0.310707215081673     
   1.86718750000000       -1.04534923646853      -0.301138268148668     
   1.87500000000000       -1.06808617819759      -0.290046435146079     
   1.88281250000000       -1.10651184328630      -0.282502274413780     
   1.89062500000000       -1.13837802082012      -0.294720180959590     
   1.89843750000000       -1.16307805682192      -0.308023558646614     
   1.90625000000000       -1.18430045878357      -0.321625949856067     
   1.91406250000000       -1.20335505658672      -0.335420575080223     
   1.92187500000000       -1.22093568248124      -0.349448872467588     
   1.92968750000000       -1.23748087081979      -0.363818643088363     
   1.93750000000000       -1.25330286683392      -0.378690672881478     
   1.94531250000000       -1.26864822663312      -0.394290900765099     
   1.95312500000000       -1.28373381089332      -0.410946625677424     
   1.96093750000000       -1.29877561635483      -0.429168101572230     
   1.96875000000000       -1.31402250659368      -0.449853648291016     
   1.97656250000000       -1.32980898272783      -0.474982451855491     
   1.98437500000000       -1.34570129071949      -0.514782374465275     
   1.99218750000000       -1.33196746331994      -0.551187533288441     
   2.00000000000000       -1.31952500040839      -0.577163044341796     
   2.00781250000000       -1.30576307090659      -0.599930053006198     
   2.01562500000000       -1.28947939587380      -0.620503371217614     
   2.02343750000000       -1.26960770724352      -0.638754147646992     
   2.03125000000000       -1.24512445661607      -0.653762693196859     
   2.03906250000000       -1.21517403047524      -0.663738364093551     
   2.04687500000000       -1.17943115310430      -0.665822116808027     
   2.05468750000000       -1.13881181838956      -0.655961207861499     
   2.06250000000000       -1.09660930076487      -0.629182299392541     
   2.07031250000000       -1.05987151326953      -0.580762274851096     
   2.07812500000000       -1.04035194775626      -0.508611090984173     
   2.08593750000000       -1.05479338795220      -0.415979268922892     
   2.09375000000000       -1.14577900214313      -0.312784196086167     
   2.10156250000000       -1.25424291751285      -0.336161588128148     
   2.10937500000000       -1.30778069173765      -0.366388469453120     
   2.11718750000000       -1.34349917029649      -0.389445845955732     
   2.12500000000000       -1.37447512168927      -0.408140221981159     
   2.13281250000000       -1.40370023105913      -0.426445151114647     
   2.14062500000000       -1.43125284956633      -0.445896472240663     
   2.14843750000000       -1.45699365502488      -0.466803569850071     
   2.15625000000000       -1.48094310222120      -0.489147028102787     
   2.16406250000000       -1.50321636654405      -0.512897084256596     
   2.17187500000000       -1.52394772804488      -0.538111384959572     
   2.17968750000000       -1.54324234878592      -0.564983204377456     
   2.18750000000000       -1.56113169848742      -0.593917334138166     
   2.19531250000000       -1.57748132773286      -0.625737260541083     
   2.20312500000000       -1.59160710228405      -0.662518910348465     
   2.21093750000000       -1.59132807628557      -0.708373579936570     
   2.21875000000000       -1.58220574382511      -0.737286341230809     
   2.22656250000000       -1.57589644587896      -0.761391377417307     
   2.23437500000000       -1.57082639408655      -0.783231099291950     
   2.24218750000000       -1.56647327255064      -0.803663645287579     
   2.25000000000000       -1.56257947738864      -0.823132584772848     
   2.25781250000000       -1.55899479465655      -0.841916277582200     
   2.26562500000000       -1.55562189319103      -0.860213999217919     
   2.27343750000000       -1.55239192088251      -0.878185167934921     
   2.28125000000000       -1.54925131300902      -0.895971777637230     
   2.28906250000000       -1.54615299405671      -0.913715250861742     
   2.29687500000000       -1.54304840002830      -0.931574439016294     
   2.30468750000000       -1.53987658843281      -0.949753401612570     
   2.31250000000000       -1.53654167626240      -0.968560851393488     
   2.32031250000000       -1.53284115593494      -0.988592913197753     
   2.32812500000000       -1.52788017361330       -1.01210768598653     
   2.33593750000000       -1.51354634506941       -1.03294385794902     
   2.34375000000000       -1.50080042830465       -1.04878692320633     
   2.35156250000000       -1.48873320635208       -1.06285666968194     
   2.35937500000000       -1.47707773365426       -1.07567368352782     
   2.36718750000000       -1.46571433788294       -1.08746038625780     
   2.37500000000000       -1.45457877855400       -1.09832873201341     
   2.38281250000000       -1.44363560529034       -1.10833395829754     
   2.39062500000000       -1.43286796911874       -1.11749484272550     
   2.39843750000000       -1.42227359035815       -1.12580147092266     
   2.40625000000000       -1.41186393586486       -1.13321642659692     
   2.41406250000000       -1.40166595623917       -1.13967056490950     
   2.42187500000000       -1.39172712796723       -1.14505152393744     
   2.42968750000000       -1.38212671740724       -1.14917821069664     
   2.43750000000000       -1.37300254226778       -1.15173979404691     
   2.44531250000000       -1.36463091085675       -1.15211132366930     
   2.45312500000000       -1.35787078247599       -1.14831057763447     
   2.46093750000000       -1.36332040871184       -1.14366445585203     
   2.46875000000000       -1.36883526795308       -1.14766516714893     
   2.47656250000000       -1.37330512376424       -1.15411265329666     
   2.48437500000000       -1.37716949593223       -1.16207050501479     
   2.49218750000000       -1.38062511941467       -1.17116509697718     
   2.50000000000000       -1.38378560928217       -1.18121342199539     
   2.53125000000000       -1.39468906726663       -1.22986171308692     
   2.56250000000000       -1.40430577845794       -1.29458639893376     
   2.59375000000000       -1.39667039555732       -1.40237009480924     
   2.62500000000000       -1.32909264442315       -1.48326473523346     
   2.65625000000000       -1.25969880945340       -1.54161726968716     
   2.68750000000000       -1.18721418218249       -1.58630161127537     
   2.71875000000000       -1.11245278835903       -1.61740783734981     
   2.75000000000000       -1.04463591726657       -1.63707346327078     
   2.78125000000000      -0.975835738959656       -1.65427011973148     
   2.81250000000000      -0.904865145518336       -1.66349303024937     
   2.84375000000000      -0.832991300061980       -1.66247753280728     
   2.87500000000000      -0.763687870881914       -1.64671130345140     
   2.90625000000000      -0.705127961514763       -1.62613800891402     
   2.93750000000000      -0.647801641833484       -1.59734207616200     
   2.96875000000000      -0.595787605260117       -1.55530795943084     
   3.00000000000000      -0.555172202249875       -1.49395844106442     
   3.03125000000000      -0.563991613208159       -1.39159820130574     
   3.06250000000000      -0.633930585192123       -1.37428494336894     
   3.09375000000000      -0.678063137779028       -1.38961823903579     
   3.12500000000000      -0.709474878017223       -1.42295292826920     
   3.15625000000000      -0.730547411565558       -1.47522384405017     
   3.18750000000000      -0.734558941204931       -1.56791982727149     
   3.21875000000000      -0.641558473456103       -1.63292912647856     
   3.25000000000000      -0.561916492554214       -1.65012112004505     
   3.28125000000000      -0.488374052630670       -1.64620745312073     
   3.31250000000000      -0.421807072637762       -1.62323084749695     
   3.34375000000000      -0.367526767759855       -1.57702848600477     
   3.37500000000000      -0.370084167411273       -1.51798375620671     
   3.40625000000000      -0.378790143968463       -1.50594910507466     
   3.43750000000000      -0.379724543806321       -1.50412966928470     
   3.46875000000000      -0.376487977083129       -1.50779614477128     
   3.50000000000000      -0.370215931783831       -1.51566082953260     
   3.53125000000000      -0.360822534152714       -1.52825493537330     
   3.56250000000000      -0.343232274129945       -1.54150332274106     
   3.59375000000000      -0.325248280459152       -1.55295258433171     
   3.62500000000000      -0.306311168622229       -1.56553825922216     
   3.65625000000000      -0.285941509882502       -1.58012330915330     
   3.68750000000000      -0.263402820749011       -1.59802272513716     
   3.71875000000000      -0.236132485175750       -1.62364169317971     
   3.75000000000000      -0.185236357342335       -1.64327647223310     
   3.78125000000000      -0.137527983644777       -1.64883890650282     
   3.81250000000000      -9.130568073384811E-002  -1.64956461798518     
   3.84375000000000      -4.577408440257173E-002  -1.64685974138400     
   3.87500000000000      -4.181413869307526E-004  -1.64152791247124     
   3.90625000000000       4.577520864261660E-002  -1.63471848041948     
   3.93750000000000       9.993270576714988E-002  -1.62299662144247     
   3.96875000000000       0.150875095839780       -1.59879904564453     
   4.00000000000000       0.197316940364376       -1.56818862527361     
   4.03125000000000       0.239063584432349       -1.53160716918576     
   4.06250000000000       0.275047308393219       -1.48880899868726     
   4.09375000000000       0.302918330911055       -1.43867979851540     
   4.12500000000000       0.311745465588709       -1.37433869805796     
   4.15625000000000       0.292263266107046       -1.34584631246507     
   4.18750000000000       0.287089743987692       -1.32872229723068     
   4.21875000000000       0.287141742623077       -1.31568619693359     
   4.25000000000000       0.290610859134341       -1.30531519126475     
   4.28125000000000       0.296903559501150       -1.29718504428342     
   4.31250000000000       0.306230657179087       -1.29156897486811     
   4.34375000000000       0.323347818818078       -1.29090359131924     
   4.37500000000000       0.348664568654295       -1.27712942192688     
   4.40625000000000       0.369693982317990       -1.25890604885537     
   4.43750000000000       0.388473578837861       -1.23831859541421     
   4.46875000000000       0.405280200862635       -1.21579901374835     
   4.50000000000000       0.419982534058794       -1.19142106897814     
   4.53125000000000       0.432063512039669       -1.16497267839309     
   4.56250000000000       0.439667987188670       -1.13530613289865     
   4.59375000000000       0.436484550982192       -1.11170736194650     
   4.62500000000000       0.437041042226093       -1.09394087853568     
   4.65625000000000       0.438793905008609       -1.07716863927139     
   4.68750000000000       0.440910837852775       -1.06078179235870     
   4.71875000000000       0.442891665108857       -1.04444200752728     
   4.75000000000000       0.444216870077252       -1.02783119906912     
   4.78125000000000       0.443964878267097       -1.01041977809293     
   4.81250000000000       0.436358012745917      -0.992029341915512     
   4.84375000000000       0.427811572919261      -0.986177471605017     
   4.87500000000000       0.423870203610232      -0.983050801533964     
   4.90625000000000       0.422684049717409      -0.981567379044081     
   4.93750000000000       0.423839396786945      -0.981495543056744     
   4.96875000000000       0.427350091564525      -0.982861271784397     
   5.00000000000000       0.433621850819532      -0.985933052230563     
   5.03125000000000       0.443912106847263      -0.991513364272882     
   5.06250000000000       0.467850016234768       -1.00042333804100     
   5.09375000000000       0.495976176807700      -0.988756907460389     
   5.12500000000000       0.517638664518254      -0.972641246915431     
   5.15625000000000       0.535850218451537      -0.954122724184485     
   5.18750000000000       0.551342048334363      -0.933790377504994     
   5.21875000000000       0.564312086347638      -0.911899116679607     
   5.25000000000000       0.574648484972489      -0.888531644086232     
   5.28125000000000       0.581831275576967      -0.863579660482974     
   5.31250000000000       0.583878027487611      -0.836290296999056     
   5.34375000000000       0.575417472501812      -0.817020378594444     
   5.37500000000000       0.572410008480633      -0.804055448036756     
   5.40625000000000       0.571408913139122      -0.792072407984386     
   5.43750000000000       0.571498890503984      -0.780632071870700     
   5.46875000000000       0.572311022971743      -0.769556297580323     
   5.50000000000000       0.573665172490238      -0.758757840457805     
   5.53125000000000       0.575483689920016      -0.748198747432287     
   5.56250000000000       0.577789891054970      -0.737888802802541     
   5.59375000000000       0.580968446818292      -0.728005296483339     
   5.62500000000000       0.585370889706461      -0.716396631445279     
   5.65625000000000       0.588841238018574      -0.704216201520848     
   5.68750000000000       0.591939636159716      -0.691875083542955     
   5.71875000000000       0.594763787566705      -0.679428066515092     
   5.75000000000000       0.597355282629748      -0.666902596996868     
   5.78125000000000       0.599743568397372      -0.654319947652730     
   5.81250000000000       0.601966684027671      -0.641704953618744     
   5.84375000000000       0.604103608189591      -0.629100505696768     
   5.87500000000000       0.606421256218912      -0.616632797250891     
   5.90625000000000       0.609971494129187      -0.602911515859656     
   5.93750000000000       0.612017122328759      -0.587656804381074     
   5.96875000000000       0.612948680630282      -0.572008795214077     
   6.00000000000000       0.612866714135671      -0.556056742764952     
   6.03125000000000       0.611738978046122      -0.539832818016894     
   6.06250000000000       0.609456698853690      -0.523344009979826     
   6.09375000000000       0.605819689483926      -0.506574480592368     
   6.12500000000000       0.600463247201667      -0.489472144062693     
   6.15625000000000       0.592604187167504      -0.471893938710973     
   6.18750000000000       0.579086573657784      -0.453158358379361     
   6.21875000000000       0.560103955973529      -0.447951695365023     
   6.25000000000000       0.548547472832708      -0.445549075984895     
   6.28125000000000       0.539726395290885      -0.443798519214090     
   6.31250000000000       0.532742824235110      -0.442487550003245     
   6.34375000000000       0.527212024430880      -0.441526899370065     
   6.37500000000000       0.522950549328002      -0.440875839313578     
   6.40625000000000       0.519895878084324      -0.440523177472153     
   6.43750000000000       0.518100113688990      -0.440486277521491     
   6.46875000000000       0.517805919951548      -0.440830631083992     
   6.50000000000000       0.519939507810640      -0.441794222519565     
   6.53125000000000       0.526684448759214      -0.438461581120334     
   6.56250000000000       0.530217078593313      -0.432082988764842     
   6.59375000000000       0.532577117376958      -0.425396804491429     
   6.62500000000000       0.534293152044450      -0.418543933021151     
   6.65625000000000       0.535577749045468      -0.411583389257966     
   6.68750000000000       0.536542531937214      -0.404547693862826     
   6.71875000000000       0.537254447459273      -0.397457638025967     
   6.75000000000000       0.537757680986365      -0.390328198040575     
   6.78125000000000       0.538085020393549      -0.383171814439225     
   6.81250000000000       0.538268040808465      -0.376001785194291     
   6.84375000000000       0.538383284305507      -0.368848954813871     
   6.87500000000000       0.538446223385465      -0.361423894334292     
   6.90625000000000       0.538218994718415      -0.353920264442770     
   6.93750000000000       0.537770312213253      -0.346374929995239     
   6.96875000000000       0.537104627438751      -0.338794829015528     
   7.00000000000000       0.536212750559679      -0.331182870616993     
   7.03125000000000       0.535074605620042      -0.323539669682736     
   7.06250000000000       0.533656551680266      -0.315863664989305     
   7.09375000000000       0.531903559889068      -0.308150319750518     
   7.12500000000000       0.529719982256154      -0.300389714131666     
   7.15625000000000       0.526911986611802      -0.292558908932553     
   7.18750000000000       0.522881230510340      -0.284579868829861     
   7.21875000000000       0.516596624371498      -0.279548231713487     
   7.25000000000000       0.512728102973877      -0.276226559247101     
   7.28125000000000       0.509846295760019      -0.273053669676091     
   7.31250000000000       0.507610778309773      -0.269978475621594     
   7.34375000000000       0.505887422195293      -0.266980015625924     
   7.37500000000000       0.504612015859406      -0.264047554654287     
   7.40625000000000       0.503755617829599      -0.261175460630617     
   7.43750000000000       0.503312901861079      -0.258361423363757     
   7.46875000000000       0.503299687477066      -0.255605983965432     
   7.50000000000000       0.503758253479335      -0.252913114655657     
   7.53125000000000       0.504780976392842      -0.250293171678117     
   7.56250000000000       0.506672234559869      -0.247783676425173     
   7.59375000000000       0.509504904640609      -0.244054411344543     
   7.62500000000000       0.512000712358709      -0.240071888382595     
   7.65625000000000       0.514741381734621      -0.236108621858721     
   7.68750000000000       0.517930772103274      -0.232188139374203     
   7.71875000000000       0.521763764451338      -0.228331068022728     
   7.75000000000000       0.526487214881750      -0.224562445029252     
   7.78125000000000       0.532458178159368      -0.220917931181445     
   7.81250000000000       0.540245671950424      -0.217454257612311     
   7.84375000000000       0.550856140670565      -0.214272290000502     
   7.87500000000000       0.566344432884396      -0.211579911339259     
   7.90625000000000       0.592043299960175      -0.209923749207713     
   7.93750000000000       0.652099082056080      -0.211828627528874     
   7.96875000000000       0.668083498652901      -1.183275282603906E-017
   8.00000000000000       0.583053851230545      -5.572845993667354E-018
   8.03125000000000       0.543191739552127      -5.116411859515449E-018
   8.06250000000000       0.516029221852789       4.023992451326709E-018
   8.09375000000000       0.495039577909814       7.073845333513225E-018
   8.12500000000000       0.477742807770697      -2.163452256978846E-018
   8.15625000000000       0.462923018562438      -7.773923748386659E-019
   8.18750000000000       0.449890819150586      -4.098498732466486E-018
   8.21875000000000       0.438216213077608      -8.121262310809961E-018
   8.25000000000000       0.427612170411912       3.541979372412774E-018
   8.28125000000000       0.417877092887287      -1.958929676498744E-018
   8.31250000000000       0.408863659925010       5.410017831600197E-018
   8.34375000000000       0.400460737469333      -4.962959768842268E-018
   8.37500000000000       0.392582274296018       5.767292228135746E-019
   8.40625000000000       0.385160173280637      -9.983541448664368E-019
   8.43750000000000       0.378139540327985       5.672228248792545E-018
   8.46875000000000       0.371475416681311      -1.110355340373436E-017
   8.50000000000000       0.365130469869556       3.871244267047810E-018
   8.53125000000000       0.359073323574915      -7.580338190114037E-018
   8.56250000000000       0.353277324646911      -4.528519901076402E-018
   8.59375000000000       0.347719616364758       5.570858674503603E-018
   8.62500000000000       0.342380430466281       4.181902890777114E-018
   8.65625000000000       0.337242538684732      -1.185774728536077E-018
   8.68750000000000       0.332290822241680       2.556680045956601E-018
   8.71875000000000       0.327511929829256      -7.351391829049346E-019
   8.75000000000000       0.322894003303945       1.177683972319172E-018
   8.78125000000000       0.318426455130893      -2.406516590480629E-018
   8.81250000000000       0.314099786621814      -3.158985761172331E-018
   8.84375000000000       0.309905437843341       3.738095358385490E-020
   8.87500000000000       0.305835663173858       2.124816247582972E-018
   8.90625000000000       0.301883426955920       2.637550416550594E-018
   8.93750000000000       0.298042315811127      -1.964919246442985E-018
   8.96875000000000       0.294306464255947       2.864772345870728E-018
   9.00000000000000       0.290670491333284       1.286762561219071E-018
   9.03125000000000       0.287129446374891      -4.207640714921867E-019
   9.06250000000000       0.283678762251024       7.554553203116022E-019
   9.09375000000000       0.280314214972066       2.686186473877568E-018
   9.12500000000000       0.277031888617480      -2.741642140529827E-018
   9.15625000000000       0.273828144674689      -2.657613348511331E-018
   9.18750000000000       0.270699595222672       2.710802404593680E-018
   9.21875000000000       0.267643079404668      -3.320499643857624E-018
   9.25000000000000       0.264655642564669       6.194713480270111E-018
   9.28125000000000       0.261734517871843       3.086235951986500E-018
   9.31250000000000       0.258877110008443      -3.256380714514020E-018
   9.34375000000000       0.256080980549597      -2.883285468969872E-018
   9.37500000000000       0.253343835021464       6.768497449760281E-019
   9.40625000000000       0.250663511187018       2.631089278570640E-018
   9.43750000000000       0.248037968667035      -4.638714754447371E-018
   9.46875000000000       0.245465279482450      -2.850697730246804E-018
   9.50000000000000       0.242943619559471       2.052791115241191E-018
   9.53125000000000       0.240471261031144      -3.658450480596829E-018
   9.56250000000000       0.238046565316510       1.655307673663392E-019
   9.59375000000000       0.235667976774493       5.005804062687218E-019
   9.62500000000000       0.233334016907176       8.316968668899864E-019
   9.65625000000000       0.231043279177998      -2.383951454035378E-018
   9.68750000000000       0.228794424124972       1.423732249909806E-018
   9.71875000000000       0.226586175057515       7.390378344950789E-019
   9.75000000000000       0.224417313979644      -1.660366531936543E-018
   9.78125000000000       0.222286677872958      -1.895971235939819E-018
   9.81250000000000       0.220193155333017       1.565276091048998E-018
   9.84375000000000       0.218135683427282      -4.409780776364722E-019
   9.87500000000000       0.216113244795724       3.704920720611306E-018
   9.90625000000000       0.214124864936152       1.022007595985988E-018
   9.93750000000000       0.212169609810413      -1.363527698495362E-018
   9.96875000000000       0.210246583489801       1.147630887221518E-018
   10.0000000000000       0.208354926052531      -4.027115223421177E-019
   11.0000000000000       0.189413569138665       0.000000000000000E+000
   12.0000000000000       0.173629105043776       0.000000000000000E+000
   13.0000000000000       0.160273020040408       0.000000000000000E+000
   14.0000000000000       0.148824947180379       0.000000000000000E+000
   15.0000000000000       0.138903284035021       0.000000000000000E+000
   16.0000000000000       0.130221828782832       0.000000000000000E+000
   17.0000000000000       0.122561721207371       0.000000000000000E+000
   18.0000000000000       0.115752736695851       0.000000000000000E+000
   19.0000000000000       0.109660487396069       0.000000000000000E+000
   20.0000000000000       0.104177463026265       0.000000000000000E+000
   21.0000000000000       9.921663145358618E-002  0.000000000000000E+000
   22.0000000000000       9.470678456933226E-002  0.000000000000000E+000
   23.0000000000000       9.058909828370912E-002  0.000000000000000E+000
   24.0000000000000       8.681455252188791E-002  0.000000000000000E+000
   25.0000000000000       8.334197042101239E-002  0.000000000000000E+000
   26.0000000000000       8.013651002020422E-002  0.000000000000000E+000
   27.0000000000000       7.716849113056704E-002  0.000000000000000E+000
   28.0000000000000       7.441247359018964E-002  0.000000000000000E+000
   29.0000000000000       7.184652622501068E-002  0.000000000000000E+000
   30.0000000000000       6.945164201751033E-002  0.000000000000000E+000
   31.0000000000000       6.721126646855838E-002  0.000000000000000E+000
   32.0000000000000       6.511091439141593E-002  0.000000000000000E+000
   33.0000000000000       6.313785637955484E-002  0.000000000000000E+000
   34.0000000000000       6.128086060368559E-002  0.000000000000000E+000
   35.0000000000000       5.952997887215171E-002  0.000000000000000E+000
   36.0000000000000       5.787636834792528E-002  0.000000000000000E+000
   37.0000000000000       5.631214217635973E-002  0.000000000000000E+000
   38.0000000000000       5.483024369803447E-002  0.000000000000000E+000
   39.0000000000000       5.342434001346948E-002  0.000000000000000E+000
   40.0000000000000       5.208873151313274E-002  0.000000000000000E+000
   41.0000000000000       5.081827464695877E-002  0.000000000000000E+000
   42.0000000000000       4.960831572679309E-002  0.000000000000000E+000
   43.0000000000000       4.845463396570488E-002  0.000000000000000E+000
   44.0000000000000       4.735339228466613E-002  0.000000000000000E+000
   45.0000000000000       4.630109467834022E-002  0.000000000000000E+000
   46.0000000000000       4.529454914185456E-002  0.000000000000000E+000
   47.0000000000000       4.433083533032574E-002  0.000000000000000E+000
   48.0000000000000       4.340727626094396E-002  0.000000000000000E+000
   49.0000000000000       4.252141348010836E-002  0.000000000000000E+000
   50.0000000000000       4.167098521050620E-002  0.000000000000000E+000
   51.0000000000000       4.085390706912372E-002  0.000000000000000E+000
   52.0000000000000       4.006825501010211E-002  0.000000000000000E+000
   53.0000000000000       3.931225019859075E-002  0.000000000000000E+000
   54.0000000000000       3.858424556528352E-002  0.000000000000000E+000
   55.0000000000000       3.788271382773291E-002  0.000000000000000E+000
   56.0000000000000       3.720623679509482E-002  0.000000000000000E+000
   57.0000000000000       3.655349579868965E-002  0.000000000000000E+000
   58.0000000000000       3.592326311250534E-002  0.000000000000000E+000
   59.0000000000000       3.531439424619169E-002  0.000000000000000E+000
   60.0000000000000       3.472582100875517E-002  0.000000000000000E+000
   61.0000000000000       3.415654525451328E-002  0.000000000000000E+000
   62.0000000000000       3.360563323427919E-002  0.000000000000000E+000
   63.0000000000000       3.307221048452873E-002  0.000000000000000E+000
   64.0000000000000       3.255545719570797E-002  0.000000000000000E+000
   65.0000000000000       3.205460400808169E-002  0.000000000000000E+000
   66.0000000000000       3.156892818977742E-002  0.000000000000000E+000
   67.0000000000000       3.109775015709418E-002  0.000000000000000E+000
   68.0000000000000       3.064043030184279E-002  0.000000000000000E+000
   69.0000000000000       3.019636609456971E-002  0.000000000000000E+000
   70.0000000000000       2.976498943607585E-002  0.000000000000000E+000
   71.0000000000000       2.934576423275084E-002  0.000000000000000E+000
   72.0000000000000       2.893818417396264E-002  0.000000000000000E+000
   73.0000000000000       2.854177069212753E-002  0.000000000000000E+000
   74.0000000000000       2.815607108817986E-002  0.000000000000000E+000
   75.0000000000000       2.778065680700413E-002  0.000000000000000E+000
   76.0000000000000       2.741512184901724E-002  0.000000000000000E+000
   77.0000000000000       2.705908130552350E-002  0.000000000000000E+000
   78.0000000000000       2.671217000673474E-002  0.000000000000000E+000
   79.0000000000000       2.637404127247228E-002  0.000000000000000E+000
   80.0000000000000       2.604436575656637E-002  0.000000000000000E+000
   81.0000000000000       2.572283037685568E-002  0.000000000000000E+000
   82.0000000000000       2.540913732347939E-002  0.000000000000000E+000
   83.0000000000000       2.510300313885916E-002  0.000000000000000E+000
   84.0000000000000       2.480415786339655E-002  0.000000000000000E+000
   85.0000000000000       2.451234424147423E-002  0.000000000000000E+000
   86.0000000000000       2.422731698285244E-002  0.000000000000000E+000
   87.0000000000000       2.394884207500356E-002  0.000000000000000E+000
   88.0000000000000       2.367669614233307E-002  0.000000000000000E+000
   89.0000000000000       2.341066584859899E-002  0.000000000000000E+000
   90.0000000000000       2.315054733917011E-002  0.000000000000000E+000
   91.0000000000000       2.289614572005835E-002  0.000000000000000E+000
   92.0000000000000       2.264727457092728E-002  0.000000000000000E+000
   93.0000000000000       2.240375548951946E-002  0.000000000000000E+000
   94.0000000000000       2.216541766516287E-002  0.000000000000000E+000
   95.0000000000000       2.193209747921379E-002  0.000000000000000E+000
   96.0000000000000       2.170363813047198E-002  0.000000000000000E+000
   97.0000000000000       2.147988928376608E-002  0.000000000000000E+000
   98.0000000000000       2.126070674005418E-002  0.000000000000000E+000
   99.0000000000000       2.104595212651828E-002  0.000000000000000E+000
   100.000000000000       2.083549260525310E-002  0.000000000000000E+000
   101.000000000000       2.062920059926049E-002  0.000000000000000E+000
   102.000000000000       2.042695353456186E-002  0.000000000000000E+000
   103.000000000000       2.022863359733311E-002  0.000000000000000E+000
   104.000000000000       2.003412750505106E-002  0.000000000000000E+000
   105.000000000000       1.984332629071724E-002  0.000000000000000E+000
   106.000000000000       1.965612509929538E-002  0.000000000000000E+000
   107.000000000000       1.947242299556365E-002  0.000000000000000E+000
   108.000000000000       1.929212278264176E-002  0.000000000000000E+000
   109.000000000000       1.911513083050743E-002  0.000000000000000E+000
   110.000000000000       1.894135691386645E-002  0.000000000000000E+000
   111.000000000000       1.877071405878657E-002  0.000000000000000E+000
   112.000000000000       1.860311839754741E-002  0.000000000000000E+000
   113.000000000000       1.843848903119743E-002  0.000000000000000E+000
   114.000000000000       1.827674789934482E-002  0.000000000000000E+000
   115.000000000000       1.811781965674182E-002  0.000000000000000E+000
   116.000000000000       1.796163155625267E-002  0.000000000000000E+000
   117.000000000000       1.780811333782316E-002  0.000000000000000E+000
   118.000000000000       1.765719712309585E-002  0.000000000000000E+000
   119.000000000000       1.750881731533874E-002  0.000000000000000E+000
   120.000000000000       1.736291050437758E-002  0.000000000000000E+000
   121.000000000000       1.721941537624223E-002  0.000000000000000E+000
   122.000000000000       1.707827262725664E-002  0.000000000000000E+000
   123.000000000000       1.693942488231959E-002  0.000000000000000E+000
   124.000000000000       1.680281661713959E-002  0.000000000000000E+000
   125.000000000000       1.666839408420248E-002  0.000000000000000E+000
   126.000000000000       1.653610524226436E-002  0.000000000000000E+000
   127.000000000000       1.640589968917567E-002  0.000000000000000E+000
   128.000000000000       1.627772859785398E-002  0.000000000000000E+000
   129.000000000000       1.615154465523496E-002  0.000000000000000E+000
   130.000000000000       1.602730200404084E-002  0.000000000000000E+000
   131.000000000000       1.590495618721611E-002  0.000000000000000E+000
   132.000000000000       1.578446409488871E-002  0.000000000000000E+000
   133.000000000000       1.566578391372413E-002  0.000000000000000E+000
   134.000000000000       1.554887507854709E-002  0.000000000000000E+000
   135.000000000000       1.543369822611341E-002  0.000000000000000E+000
   136.000000000000       1.532021515092140E-002  0.000000000000000E+000
   137.000000000000       1.520838876295847E-002  0.000000000000000E+000
   138.000000000000       1.509818304728485E-002  0.000000000000000E+000
   139.000000000000       1.498956302536194E-002  0.000000000000000E+000
   140.000000000000       1.488249471803793E-002  0.000000000000000E+000
   141.000000000000       1.477694511010858E-002  0.000000000000000E+000
   142.000000000000       1.467288211637542E-002  0.000000000000000E+000
   143.000000000000       1.457027454912804E-002  0.000000000000000E+000
   144.000000000000       1.446909208698132E-002  0.000000000000000E+000
   145.000000000000       1.436930524500214E-002  0.000000000000000E+000
   146.000000000000       1.427088534606377E-002  0.000000000000000E+000
   147.000000000000       1.417380449336945E-002  0.000000000000000E+000
   148.000000000000       1.407803554408993E-002  0.000000000000000E+000
   149.000000000000       1.398355208406248E-002  0.000000000000000E+000
   150.000000000000       1.389032840350207E-002  0.000000000000000E+000
   151.000000000000       1.379833947367755E-002  0.000000000000000E+000
   152.000000000000       1.370756092450862E-002  0.000000000000000E+000
   153.000000000000       1.361796902304124E-002  0.000000000000000E+000
   154.000000000000       1.352954065276175E-002  0.000000000000000E+000
   155.000000000000       1.344225329371168E-002  0.000000000000000E+000
   156.000000000000       1.335608500336737E-002  0.000000000000000E+000
   157.000000000000       1.327101439825038E-002  0.000000000000000E+000
   158.000000000000       1.318702063623614E-002  0.000000000000000E+000
   159.000000000000       1.310408339953025E-002  0.000000000000000E+000
   160.000000000000       1.302218287828319E-002  0.000000000000000E+000
   161.000000000000       1.294129975481559E-002  0.000000000000000E+000
   162.000000000000       1.286141518842784E-002  0.000000000000000E+000
   163.000000000000       1.278251080076877E-002  0.000000000000000E+000
   164.000000000000       1.270456866173969E-002  0.000000000000000E+000
   165.000000000000       1.262757127591097E-002  0.000000000000000E+000
   166.000000000000       1.255150156942958E-002  0.000000000000000E+000
   167.000000000000       1.247634287739706E-002  0.000000000000000E+000
   168.000000000000       1.240207893169827E-002  0.000000000000000E+000
   169.000000000000       1.232869384926219E-002  0.000000000000000E+000
   170.000000000000       1.225617212073712E-002  0.000000000000000E+000
   171.000000000000       1.218449859956322E-002  0.000000000000000E+000
   172.000000000000       1.211365849142622E-002  0.000000000000000E+000
   173.000000000000       1.204363734407694E-002  0.000000000000000E+000
   174.000000000000       1.197442103750178E-002  0.000000000000000E+000
   175.000000000000       1.190599577443034E-002  0.000000000000000E+000
   176.000000000000       1.183834807116653E-002  0.000000000000000E+000
   177.000000000000       1.177146474873056E-002  0.000000000000000E+000
   178.000000000000       1.170533292429949E-002  0.000000000000000E+000
   179.000000000000       1.163994000293469E-002  0.000000000000000E+000
   180.000000000000       1.157527366958505E-002  0.000000000000000E+000
   181.000000000000       1.151132188135530E-002  0.000000000000000E+000
   182.000000000000       1.144807286002917E-002  0.000000000000000E+000
   183.000000000000       1.138551508483776E-002  0.000000000000000E+000
   184.000000000000       1.132363728546364E-002  0.000000000000000E+000
   185.000000000000       1.126242843527194E-002  0.000000000000000E+000
   186.000000000000       1.120187774475973E-002  0.000000000000000E+000
   187.000000000000       1.114197465521556E-002  0.000000000000000E+000
   188.000000000000       1.108270883258144E-002  0.000000000000000E+000
   189.000000000000       1.102407016150958E-002  0.000000000000000E+000
   190.000000000000       1.096604873960689E-002  0.000000000000000E+000
   191.000000000000       1.090863487186026E-002  0.000000000000000E+000
   192.000000000000       1.085181906523599E-002  0.000000000000000E+000
   193.000000000000       1.079559202344720E-002  0.000000000000000E+000
   194.000000000000       1.073994464188304E-002  0.000000000000000E+000
   195.000000000000       1.068486800269390E-002  0.000000000000000E+000
   196.000000000000       1.063035337002709E-002  0.000000000000000E+000
   197.000000000000       1.057639218540766E-002  0.000000000000000E+000
   198.000000000000       1.052297606325914E-002  0.000000000000000E+000
   199.000000000000       1.047009678655935E-002  0.000000000000000E+000
   200.000000000000       1.041774630262655E-002  0.000000000000000E+000
   201.000000000000       1.036591671903139E-002  0.000000000000000E+000
   202.000000000000       1.031460029963025E-002  0.000000000000000E+000
   203.000000000000       1.026378946071581E-002  0.000000000000000E+000
   204.000000000000       1.021347676728093E-002  0.000000000000000E+000
   205.000000000000       1.016365492939176E-002  0.000000000000000E+000
   206.000000000000       1.011431679866655E-002  0.000000000000000E+000
   207.000000000000       1.006545536485657E-002  0.000000000000000E+000
   208.000000000000       1.001706375252553E-002  0.000000000000000E+000
   209.000000000000       9.969135217824450E-003  0.000000000000000E+000
   210.000000000000       9.921663145358618E-003  0.000000000000000E+000
   211.000000000000       9.874641045143649E-003  0.000000000000000E+000
   212.000000000000       9.828062549647689E-003  0.000000000000000E+000
   213.000000000000       9.781921410916947E-003  0.000000000000000E+000
   214.000000000000       9.736211497781823E-003  0.000000000000000E+000
   215.000000000000       9.690926793140976E-003  0.000000000000000E+000
   216.000000000000       9.646061391320879E-003  0.000000000000000E+000
   217.000000000000       9.601609495508340E-003  0.000000000000000E+000
   218.000000000000       9.557565415253716E-003  0.000000000000000E+000
   219.000000000000       9.513923564042511E-003  0.000000000000000E+000
   220.000000000000       9.470678456933227E-003  0.000000000000000E+000
   221.000000000000       9.427824708259321E-003  0.000000000000000E+000
   222.000000000000       9.385357029393287E-003  0.000000000000000E+000
   223.000000000000       9.343270226570896E-003  0.000000000000000E+000
   224.000000000000       9.301559198773705E-003  0.000000000000000E+000
   225.000000000000       9.260218935668044E-003  0.000000000000000E+000
   226.000000000000       9.219244515598716E-003  0.000000000000000E+000
   227.000000000000       9.178631103635726E-003  0.000000000000000E+000
   228.000000000000       9.138373949672412E-003  0.000000000000000E+000
   229.000000000000       9.098468386573405E-003  0.000000000000000E+000
   230.000000000000       9.058909828370912E-003  0.000000000000000E+000
   231.000000000000       9.019693768507834E-003  0.000000000000000E+000
   232.000000000000       8.980815778126336E-003  0.000000000000000E+000
   233.000000000000       8.942271504400471E-003  0.000000000000000E+000
   234.000000000000       8.904056668911581E-003  0.000000000000000E+000
   235.000000000000       8.866167066065148E-003  0.000000000000000E+000
   236.000000000000       8.828598561547923E-003  0.000000000000000E+000
   237.000000000000       8.791347090824093E-003  0.000000000000000E+000
   238.000000000000       8.754408657669369E-003  0.000000000000000E+000
   239.000000000000       8.717779332741883E-003  0.000000000000000E+000
   240.000000000000       8.681455252188792E-003  0.000000000000000E+000
   241.000000000000       8.645432616287594E-003  0.000000000000000E+000
   242.000000000000       8.609707688121115E-003  0.000000000000000E+000
   243.000000000000       8.574276792285226E-003  0.000000000000000E+000
   244.000000000000       8.539136313628319E-003  0.000000000000000E+000
   245.000000000000       8.504282696021673E-003  0.000000000000000E+000
   246.000000000000       8.469712441159797E-003  0.000000000000000E+000
   247.000000000000       8.435422107389918E-003  0.000000000000000E+000
   248.000000000000       8.401408308569797E-003  0.000000000000000E+000
   249.000000000000       8.367667712953051E-003  0.000000000000000E+000
   250.000000000000       8.334197042101239E-003  0.000000000000000E+000
   251.000000000000       8.300993069821952E-003  0.000000000000000E+000
   252.000000000000       8.268052621132182E-003  0.000000000000000E+000
   253.000000000000       8.235372571246284E-003  0.000000000000000E+000
   254.000000000000       8.202949844587835E-003  0.000000000000000E+000
   255.000000000000       8.170781413824744E-003  0.000000000000000E+000
   256.000000000000       8.138864298926992E-003  0.000000000000000E+000
   257.000000000000       8.107195566246343E-003  0.000000000000000E+000
   258.000000000000       8.075772327617480E-003  0.000000000000000E+000
   259.000000000000       8.044591739479960E-003  0.000000000000000E+000
   260.000000000000       8.013651002020422E-003  0.000000000000000E+000
   261.000000000000       7.982947358334521E-003  0.000000000000000E+000
   262.000000000000       7.952478093608053E-003  0.000000000000000E+000
   263.000000000000       7.922240534316767E-003  0.000000000000000E+000
   264.000000000000       7.892232047444355E-003  0.000000000000000E+000
   265.000000000000       7.862450039718151E-003  0.000000000000000E+000
   266.000000000000       7.832891956862067E-003  0.000000000000000E+000
   267.000000000000       7.803555282866329E-003  0.000000000000000E+000
   268.000000000000       7.774437539273545E-003  0.000000000000000E+000
   269.000000000000       7.745536284480705E-003  0.000000000000000E+000
   270.000000000000       7.716849113056703E-003  0.000000000000000E+000
   271.000000000000       7.688373655074944E-003  0.000000000000000E+000
   272.000000000000       7.660107575460698E-003  0.000000000000000E+000
   273.000000000000       7.632048573352783E-003  0.000000000000000E+000
   274.000000000000       7.604194381479234E-003  0.000000000000000E+000
   275.000000000000       7.576542765546581E-003  0.000000000000000E+000
   276.000000000000       7.549091523642427E-003  0.000000000000000E+000
   277.000000000000       7.521838485650938E-003  0.000000000000000E+000
   278.000000000000       7.494781512680970E-003  0.000000000000000E+000
   279.000000000000       7.467918496506487E-003  0.000000000000000E+000
   280.000000000000       7.441247359018964E-003  0.000000000000000E+000
   281.000000000000       7.414766051691495E-003  0.000000000000000E+000
   282.000000000000       7.388472555054290E-003  0.000000000000000E+000
   283.000000000000       7.362364878181307E-003  0.000000000000000E+000
   284.000000000000       7.336441058187711E-003  0.000000000000000E+000
   285.000000000000       7.310699159737929E-003  0.000000000000000E+000
   286.000000000000       7.285137274564021E-003  0.000000000000000E+000
   287.000000000000       7.259753520994111E-003  0.000000000000000E+000
   288.000000000000       7.234546043490660E-003  0.000000000000000E+000
   289.000000000000       7.209513012198304E-003  0.000000000000000E+000
   290.000000000000       7.184652622501069E-003  0.000000000000000E+000
   291.000000000000       7.159963094588694E-003  0.000000000000000E+000
   292.000000000000       7.135442673031883E-003  0.000000000000000E+000
   293.000000000000       7.111089626366245E-003  0.000000000000000E+000
   294.000000000000       7.086902246684727E-003  0.000000000000000E+000
   295.000000000000       7.062878849238338E-003  0.000000000000000E+000
   296.000000000000       7.039017772044966E-003  0.000000000000000E+000
   297.000000000000       7.015317375506094E-003  0.000000000000000E+000
   298.000000000000       6.991776042031241E-003  0.000000000000000E+000
   299.000000000000       6.968392175669933E-003  0.000000000000000E+000
   300.000000000000       6.945164201751033E-003  0.000000000000000E+000
   301.000000000000       6.922090566529268E-003  0.000000000000000E+000
   302.000000000000       6.899169736838774E-003  0.000000000000000E+000
   303.000000000000       6.876400199753498E-003  0.000000000000000E+000
   304.000000000000       6.853780462254309E-003  0.000000000000000E+000
   305.000000000000       6.831309050902655E-003  0.000000000000000E+000
   306.000000000000       6.808984511520621E-003  0.000000000000000E+000
   307.000000000000       6.786805408877231E-003  0.000000000000000E+000
   308.000000000000       6.764770326380876E-003  0.000000000000000E+000
   309.000000000000       6.742877865777702E-003  0.000000000000000E+000
   310.000000000000       6.721126646855838E-003  0.000000000000000E+000
