  0.000000000000000E+000  -2.09736898533090      -5.081695740067301E-018
  7.812500000000000E-003  -2.09824808099476      -5.004104981545753E-003
  1.562500000000000E-002  -2.09794293589985      -1.223888816102725E-002
  2.343750000000000E-002  -2.09579721929707      -1.721163581989074E-002
  3.125000000000000E-002  -2.09525813699535      -2.062280351295147E-002
  3.906250000000000E-002  -2.09565286618210      -2.753569850092330E-002
  4.687500000000000E-002  -2.09189505573079      -2.754910433858095E-002
  5.468750000000000E-002  -2.09489641295516      -2.869516347550269E-002
  6.250000000000000E-002  -2.09852336136331      -3.211424805173982E-002
  7.031250000000000E-002  -2.10198391826591      -3.613984017791087E-002
  7.812500000000000E-002  -2.10501118536066      -4.092002187285537E-002
  8.593750000000000E-002  -2.10721045975547      -4.518353128698915E-002
  9.375000000000000E-002  -2.10982232884512      -4.872824851799158E-002
  0.101562500000000       -2.11457610189038      -5.117053022834572E-002
  0.109375000000000       -2.12013974364381      -5.642181169031370E-002
  0.117187500000000       -2.12333066819416      -6.011127301636802E-002
  0.125000000000000       -2.12843983618612      -6.313135916418172E-002
  0.132812500000000       -2.13440973290951      -6.545986175527277E-002
  0.140625000000000       -2.14213162508429      -6.686863843812565E-002
  0.148437500000000       -2.15383992339306      -6.802468419636651E-002
  0.156250000000000       -2.16951380875583      -7.156591714676151E-002
  0.164062500000000       -2.18395873125445      -8.087130832787529E-002
  0.171875000000000       -2.20095508495547      -8.684449527195884E-002
  0.179687500000000       -2.22432384262737      -0.102069202420788     
  0.187500000000000       -2.24203892183707      -0.119654788417962     
  0.195312500000000       -2.26417231829877      -0.141290692877169     
  0.203125000000000       -2.28272080906535      -0.168517347650597     
  0.210937500000000       -2.31188323588739      -0.205125584208073     
  0.218750000000000       -2.31681155805675      -0.293450596294023     
  0.226562500000000       -2.26431063691850      -0.340791802889930     
  0.234375000000000       -2.21657463258175      -0.353726656998080     
  0.242187500000000       -2.18353021171940      -0.346588785354540     
  0.250000000000000       -2.16961897426395      -0.334255787524311     
  0.257812500000000       -2.17389688018568      -0.321775309474376     
  0.265625000000000       -2.19054410313705      -0.340685738561191     
  0.273437500000000       -2.18764608399924      -0.374549019712009     
  0.281250000000000       -2.13336091431732      -0.426286372917538     
  0.289062500000000       -2.08687186826750      -0.360205563297865     
  0.296875000000000       -2.09907774666826      -0.321597331868159     
  0.304687500000000       -2.13034478144878      -0.297977891068766     
  0.312500000000000       -2.16307141375173      -0.314242241679232     
  0.320312500000000       -2.17687132009394      -0.331076797733176     
  0.328125000000000       -2.18328635914633      -0.347167061907171     
  0.335937500000000       -2.18931599439055      -0.354141297025289     
  0.343750000000000       -2.20213396537623      -0.366749701865434     
  0.351562500000000       -2.21437789178173      -0.387040289568402     
  0.359375000000000       -2.21057945490685      -0.418720958825831     
  0.367187500000000       -2.19894776928420      -0.429572096802746     
  0.375000000000000       -2.19134348121846      -0.435936574462483     
  0.382812500000000       -2.18347809891550      -0.435785264027154     
  0.390625000000000       -2.19310651129222      -0.423858125485392     
  0.398437500000000       -2.21206026991933      -0.425880681270959     
  0.406250000000000       -2.23358389469573      -0.434991955635394     
  0.414062500000000       -2.25913055982964      -0.454897740482021     
  0.421875000000000       -2.26816967939653      -0.485338393580302     
  0.429687500000000       -2.27332674544548      -0.511380094056468     
  0.437500000000000       -2.27354774513334      -0.537866626145994     
  0.445312500000000       -2.25948863730612      -0.559293136923635     
  0.453125000000000       -2.26102347124700      -0.558944432964503     
  0.460937500000000       -2.27204822509224      -0.566556695635828     
  0.468750000000000       -2.28724628374803      -0.579047138953047     
  0.476562500000000       -2.30724854447137      -0.597136274212883     
  0.484375000000000       -2.32305634912924      -0.627826909988112     
  0.492187500000000       -2.33430739409078      -0.658449183921463     
  0.500000000000000       -2.34438075386669      -0.691590782374918     
  0.507812500000000       -2.35396393771154      -0.730340065618650     
  0.515625000000000       -2.34746696096413      -0.778687152263992     
  0.523437500000000       -2.33506256014953      -0.812840314240508     
  0.531250000000000       -2.32397626272342      -0.843657413086018     
  0.539062500000000       -2.31346322644432      -0.873756492779943     
  0.546875000000000       -2.29948369854151      -0.906776599651178     
  0.554687500000000       -2.28341317206355      -0.928030007469821     
  0.562500000000000       -2.27446201114866      -0.950573148629750     
  0.570312500000000       -2.26835871730791      -0.977184863195538     
  0.578125000000000       -2.26250983234964       -1.01108862226434     
  0.585937500000000       -2.24297853723868       -1.05906950601674     
  0.593750000000000       -2.20706646479967       -1.08787849994822     
  0.601562500000000       -2.17430931259700       -1.10774716001273     
  0.609375000000000       -2.14337517852385       -1.12229706389626     
  0.617187500000000       -2.11358703603814       -1.13220903995060     
  0.625000000000000       -2.08452624161349       -1.13415856788722     
  0.632812500000000       -2.06598075794932       -1.13153242497353     
  0.640625000000000       -2.05256560532638       -1.12953760250529     
  0.648437500000000       -2.04350890501888       -1.12704138252738     
  0.656250000000000       -2.03990133039417       -1.12294121491771     
  0.664062500000000       -2.04902122907418       -1.11458754206853     
  0.671875000000000       -2.07117260236183       -1.13290920258460     
  0.679687500000000       -2.08209598490916       -1.15744216080864     
  0.687500000000000       -2.08954630075715       -1.18550791896615     
  0.695312500000000       -2.09444445563018       -1.21701784176248     
  0.703125000000000       -2.09677326692985       -1.25183260887312     
  0.710937500000000       -2.09783138192980       -1.28998571447295     
  0.718750000000000       -2.09522016833839       -1.33358009907091     
  0.726562500000000       -2.08827065275702       -1.38171904370365     
  0.734375000000000       -2.07528658681373       -1.43513032891871     
  0.742187500000000       -2.05269536453422       -1.49403353368819     
  0.750000000000000       -2.01232731167380       -1.55625709032456     
  0.757812500000000       -1.95439122223369       -1.58882355270809     
  0.765625000000000       -1.91841050020676       -1.61869863862562     
  0.773437500000000       -1.88297105708107       -1.65664850845361     
  0.781250000000000       -1.84170663244128       -1.70213154204862     
  0.789062500000000       -1.78733499689578       -1.75486333228371     
  0.796875000000000       -1.70491027493017       -1.81151029890101     
  0.804687500000000       -1.58001226417238       -1.80968735847490     
  0.812500000000000       -1.51127111745507       -1.77971801584741     
  0.820312500000000       -1.45843732227080       -1.75828012836879     
  0.828125000000000       -1.41123345500719       -1.74251116502961     
  0.835937500000000       -1.36486802355632       -1.73009208924828     
  0.843750000000000       -1.31629772704312       -1.71810341020436     
  0.851562500000000       -1.26302987058607       -1.70099520515312     
  0.859375000000000       -1.21673625964673       -1.67430674964122     
  0.867187500000000       -1.17508260376796       -1.64731879195733     
  0.875000000000000       -1.13576868298174       -1.61868498553939     
  0.882812500000000       -1.09830754641290       -1.58716915414702     
  0.890625000000000       -1.06276470396386       -1.55110326828069     
  0.898437500000000       -1.02967810915003       -1.50704794575077     
  0.906250000000000       -1.01545150532935       -1.44291221823662     
  0.914062500000000       -1.02683755898111       -1.40133455294473     
  0.921875000000000       -1.03830778188409       -1.37237464472449     
  0.929687500000000       -1.05013433937867       -1.35076148299483     
  0.937500000000000       -1.06295607021491       -1.33480897157642     
  0.945312500000000       -1.07790397458983       -1.32423968849411     
  0.953125000000000       -1.09752718147547       -1.32065229811259     
  0.960937500000000       -1.12183102210596       -1.34324910776446     
  0.968750000000000       -1.11471464707642       -1.37153291580635     
  0.976562500000000       -1.09916752480237       -1.39351799835950     
  0.984375000000000       -1.07750170785292       -1.41199143193989     
  0.992187500000000       -1.05026303337795       -1.42700565586852     
   1.00000000000000       -1.01773101257967       -1.43758050431426     
   1.00781250000000      -0.980449307782071       -1.44167941098347     
   1.01562500000000      -0.940279212136211       -1.43416723595354     
   1.02343750000000      -0.916059019661727       -1.42112313475130     
   1.03125000000000      -0.890582322428576       -1.41526381830645     
   1.03906250000000      -0.862141016322651       -1.40986985317763     
   1.04687500000000      -0.830497836196988       -1.40304654111900     
   1.05468750000000      -0.795473187508761       -1.39315698235367     
   1.06250000000000      -0.757008630663632       -1.37811433420182     
   1.07031250000000      -0.715393360487372       -1.35436937097730     
   1.07812500000000      -0.676569233267577       -1.30856696694840     
   1.08593750000000      -0.667397525268664       -1.26823469635338     
   1.09375000000000      -0.658289219484547       -1.23732399176163     
   1.10156250000000      -0.649109508257469       -1.20953180744486     
   1.10937500000000      -0.640007940063803       -1.18296853798876     
   1.11718750000000      -0.631251184104038       -1.15661327289669     
   1.12500000000000      -0.623221321159668       -1.12974889669135     
   1.13281250000000      -0.616497614064828       -1.10168256892182     
   1.14062500000000      -0.612536770131090       -1.07064309998758     
   1.14843750000000      -0.617571407151672       -1.04388861987207     
   1.15625000000000      -0.620843032094337       -1.02172243114697     
   1.16406250000000      -0.623518199470046       -1.00093715020497     
   1.17187500000000      -0.626032733005568      -0.980767292418027     
   1.17968750000000      -0.628720699364985      -0.960735924990030     
   1.18750000000000      -0.631940780626549      -0.940417289704329     
   1.19531250000000      -0.636197697896340      -0.919265666148382     
   1.20312500000000      -0.642519821678024      -0.896133096205970     
   1.21093750000000      -0.659902784522471      -0.870366476694790     
   1.21875000000000      -0.680462144506436      -0.859434105166941     
   1.22656250000000      -0.697283634437335      -0.853109466894491     
   1.23437500000000      -0.711872300109704      -0.849543110400453     
   1.24218750000000      -0.724838484758625      -0.848207636783606     
   1.25000000000000      -0.736528682125319      -0.849013442262159     
   1.25781250000000      -0.747158379494468      -0.852199174830604     
   1.26562500000000      -0.756840070481714      -0.858490388927635     
   1.27343750000000      -0.765491666210076      -0.869977735304798     
   1.28125000000000      -0.762653712928547      -0.894140326911144     
   1.28906250000000      -0.745343039542041      -0.904430953751608     
   1.29687500000000      -0.728360598209047      -0.907978797006449     
   1.30468750000000      -0.711367613850362      -0.907369276701012     
   1.31250000000000      -0.694420777027487      -0.903335179841909     
   1.32031250000000      -0.677715391403470      -0.896131612847145     
   1.32812500000000      -0.661558146003599      -0.885797462433335     
   1.33593750000000      -0.646399644534002      -0.872213727724527     
   1.34375000000000      -0.632969847000670      -0.855013082337424     
   1.35156250000000      -0.623208027643411      -0.832551608065593     
   1.35937500000000      -0.624898064577335      -0.813970547874312     
   1.36718750000000      -0.624064570299472      -0.800414069621769     
   1.37500000000000      -0.622338342083191      -0.787621369210037     
   1.38281250000000      -0.620261112747138      -0.774943197395485     
   1.39062500000000      -0.618131315069341      -0.762097376756562     
   1.39843750000000      -0.616172534441347      -0.748935575011430     
   1.40625000000000      -0.614588773742746      -0.735377711590358     
   1.41406250000000      -0.613600937382364      -0.721388274264187     
   1.42187500000000      -0.613511372880320      -0.706967803683004     
   1.42968750000000      -0.615161190652358      -0.692120199894637     
   1.43750000000000      -0.617943093089871      -0.680158752241137     
   1.44531250000000      -0.619462181925636      -0.668324366659804     
   1.45312500000000      -0.620738909518504      -0.656220848630485     
   1.46093750000000      -0.622046836053571      -0.643754807005365     
   1.46875000000000      -0.623563927986612      -0.630863864692235     
   1.47656250000000      -0.625443682875336      -0.617492413069701     
   1.48437500000000      -0.627845369790724      -0.603577661999669     
   1.49218750000000      -0.630964237438912      -0.589029876408411     
   1.50000000000000      -0.635095624095051      -0.573681802919555     
   1.50781250000000      -0.640905591740174      -0.557055318668022     
   1.51562500000000      -0.652777520147300      -0.540963670285250     
   1.52343750000000      -0.664068767007720      -0.530533064869473     
   1.53125000000000      -0.674112782661183      -0.521285067175095     
   1.53906250000000      -0.683516317726135      -0.512660813898017     
   1.54687500000000      -0.692541800576515      -0.504435647063513     
   1.55468750000000      -0.701351788386628      -0.496483359306090     
   1.56250000000000      -0.710070249160006      -0.488718687735753     
   1.57031250000000      -0.718810450711894      -0.481073395690342     
   1.57812500000000      -0.727698822687944      -0.473479328373398     
   1.58593750000000      -0.736919166266631      -0.465841466650896     
   1.59375000000000      -0.746898199430988      -0.457925558159457     
   1.60156250000000      -0.759795671409616      -0.451347019442856     
   1.60937500000000      -0.771347559841452      -0.447787382971978     
   1.61718750000000      -0.781861120541758      -0.444865027234442     
   1.62500000000000      -0.791721257953612      -0.442357969399705     
   1.63281250000000      -0.801093688700547      -0.440189650248983     
   1.64062500000000      -0.810070649623695      -0.438334201718160     
   1.64843750000000      -0.818705815708937      -0.436796333898261     
   1.65625000000000      -0.827024452317604      -0.435609229075768     
   1.66406250000000      -0.835021398553104      -0.434844532023251     
   1.67187500000000      -0.842642450510366      -0.434644964903358     
   1.67968750000000      -0.849708697834101      -0.435341115683757     
   1.68750000000000      -0.854601188796563      -0.438429468891235     
   1.69531250000000      -0.855451292684031      -0.437283276349654     
   1.70312500000000      -0.857696366009670      -0.434173876844718     
   1.71093750000000      -0.860664166051660      -0.430146324185442     
   1.71875000000000      -0.864216680269817      -0.425475585394716     
   1.72656250000000      -0.868311499200979      -0.420297822296417     
   1.73437500000000      -0.872944640231222      -0.414697028879961     
   1.74218750000000      -0.878134463706222      -0.408732653050095     
   1.75000000000000      -0.883917525140852      -0.402451795610686     
   1.75781250000000      -0.890351392660111      -0.395896387653476     
   1.76562500000000      -0.897527948272780      -0.389109795773310     
   1.77343750000000      -0.905622152145598      -0.382149217648580     
   1.78125000000000      -0.915397983215489      -0.375189815323054     
   1.78906250000000      -0.925123384720697      -0.370688079009782     
   1.79687500000000      -0.934137737853586      -0.365705397360896     
   1.80468750000000      -0.943255847644266      -0.360319567792377     
   1.81250000000000      -0.952722624796807      -0.354544111167667     
   1.82031250000000      -0.962708147065989      -0.348377686654741     
   1.82812500000000      -0.973369894918579      -0.341807970678569     
   1.83593750000000      -0.984880332342487      -0.334810323852478     
   1.84375000000000      -0.997451825826932      -0.327342886004927     
   1.85156250000000       -1.01137365636570      -0.319335922841839     
   1.85937500000000       -1.02708599676345      -0.310667759577401     
   1.86718750000000       -1.04537141594022      -0.301099332207594     
   1.87500000000000       -1.06810690523291      -0.290008078343311     
   1.88281250000000       -1.10652982142238      -0.282463950959238     
   1.89062500000000       -1.13839416150879      -0.294680202316729     
   1.89843750000000       -1.16309307235261      -0.307981913369137     
   1.90625000000000       -1.18431472232121      -0.321582645280585     
   1.91406250000000       -1.20336882607906      -0.335375608050911     
   1.92187500000000       -1.22094915955558      -0.349402223981387     
   1.92968750000000       -1.23749422654119      -0.363770275225366     
   1.93750000000000       -1.25331625634610      -0.378640524897388     
   1.94531250000000       -1.26866179968043      -0.394238882798420     
   1.95312500000000       -1.28374772175984      -0.410892607881800     
   1.96093750000000       -1.29879003676344      -0.429111893858913     
   1.96875000000000       -1.31403764916708      -0.449794957213951     
   1.97656250000000       -1.32982516483148      -0.474920761705232     
   1.98437500000000       -1.34571954682891      -0.514716094693561     
   1.99218750000000       -1.33199097662674      -0.551119147249241     
   2.00000000000000       -1.31955279540393      -0.577093767730873     
   2.00781250000000       -1.30579493216202      -0.599860322374153     
   2.01562500000000       -1.28951532301519      -0.620433497060187     
   2.02343750000000       -1.26964784202893      -0.638684429854631     
   2.03125000000000       -1.24516905749649      -0.653693493461640     
   2.03906250000000       -1.21522344941368      -0.663670179552871     
   2.04687500000000       -1.17948578947054      -0.665755665976050     
   2.05468750000000       -1.13887202208182      -0.655897522461423     
   2.06250000000000       -1.09667519615110      -0.629122788749525     
   2.07031250000000       -1.05994274085569      -0.580708690861744     
   2.07812500000000       -1.04042740238156      -0.508565304112706     
   2.08593750000000       -1.05487117615518      -0.415942874176675     
   2.09375000000000       -1.14585674461915      -0.312759377507054     
   2.10156250000000       -1.25431462711183      -0.336146502543280     
   2.10937500000000       -1.30784401560583      -0.366379784200347     
   2.11718750000000       -1.34355412466751      -0.389439073227696     
   2.12500000000000       -1.37452388941096      -0.408132847336578     
   2.13281250000000       -1.40374483340297      -0.426436518048655     
   2.14062500000000       -1.43129459082665      -0.445886673654422     
   2.14843750000000       -1.45703330659161      -0.466792880610220     
   2.15625000000000       -1.48098112161881      -0.489135723801999     
   2.16406250000000       -1.50325303225334      -0.512885403275037     
   2.17187500000000       -1.52398321164113      -0.538099532720267     
   2.17968750000000       -1.54327675107119      -0.564971368764114     
   2.18750000000000       -1.56116506384839      -0.593905706172391     
   2.19531250000000       -1.57751363870605      -0.625726067174439     
   2.20312500000000       -1.59163822706482      -0.662508499888751     
   2.21093750000000       -1.59135689983445      -0.708364401392262     
   2.21875000000000       -1.58223190723870      -0.737276965015448     
   2.22656250000000       -1.57592029912611      -0.761381396593499     
   2.23437500000000       -1.57084814745435      -0.783220263398749     
   2.24218750000000       -1.56649309241049      -0.803651750813339     
   2.25000000000000       -1.56259751075709      -0.823119446867472     
   2.25781250000000       -1.55901118022994      -0.841901717232103     
   2.26562500000000       -1.55563676819655      -0.860197835177770     
   2.27343750000000       -1.55240542667647      -0.878167210049264     
   2.28125000000000       -1.54926360090653      -0.895951819867017     
   2.28906250000000       -1.54616423271967      -0.913693062551886     
   2.29687500000000       -1.54305878639540      -0.931549752277677     
   2.30468750000000       -1.53988636629938      -0.949725890481268     
   2.31250000000000       -1.53655117347130      -0.968530091290624     
   2.32031250000000       -1.53285088133899      -0.988558277898642     
   2.32812500000000       -1.52789137511544       -1.01206777031483     
   2.33593750000000       -1.51356271200990       -1.03290116489699     
   2.34375000000000       -1.50082061621931       -1.04874324786434     
   2.35156250000000       -1.48875673136412       -1.06281257091594     
   2.35937500000000       -1.47710429791853       -1.07562953244539     
   2.36718750000000       -1.46574372481650       -1.08741647059892     
   2.37500000000000       -1.45461081515257       -1.09828529347072     
   2.38281250000000       -1.44367014404488       -1.10829121025403     
   2.39062500000000       -1.43290487776945       -1.11745298014861     
   2.39843750000000       -1.42231274533206       -1.12576067655057     
   2.40625000000000       -1.41190521757792       -1.13317687522091     
   2.41406250000000       -1.40170924529672       -1.13963242670418     
   2.42187500000000       -1.39177230159018       -1.14501496749921     
   2.42968750000000       -1.38217364534989       -1.14914340651946     
   2.43750000000000       -1.37305108085178       -1.15170691985904     
   2.44531250000000       -1.36468089085145       -1.15208057628449     
   2.45312500000000       -1.35792196261967       -1.14828222407663     
   2.46093750000000       -1.36337210730268       -1.14363845473842     
   2.46875000000000       -1.36888749670664       -1.14764119300695     
   2.47656250000000       -1.37335787415841       -1.15409068506013     
   2.48437500000000       -1.37722272880691       -1.16205056604831     
   2.49218750000000       -1.38067878071051       -1.17114723256627     
   2.50000000000000       -1.38383963443822       -1.18119769256953     
   2.53125000000000       -1.39474370536740       -1.22985538993208     
   2.56250000000000       -1.40435890350122       -1.29459179098965     
   2.59375000000000       -1.39671217358266       -1.40239201783845     
   2.62500000000000       -1.32911667306269       -1.48328735386234     
   2.65625000000000       -1.25970959237858       -1.54163519887627     
   2.68750000000000       -1.18721490177497       -1.58631067201603     
   2.71875000000000       -1.11244837374464       -1.61740253120634     
   2.75000000000000       -1.04464222878006       -1.63705813031482     
   2.78125000000000      -0.975848751098766       -1.65425528157606     
   2.81250000000000      -0.904882042118694       -1.66348137575001     
   2.84375000000000      -0.833009322494642       -1.66247148864546     
   2.87500000000000      -0.763699720995402       -1.64671534007114     
   2.90625000000000      -0.705125930248068       -1.62613753187772     
   2.93750000000000      -0.647791957754116       -1.59733205149751     
   2.96875000000000      -0.595774548327952       -1.55528523748852     
   3.00000000000000      -0.555161220340816       -1.49391979071739     
   3.03125000000000      -0.563998224288607       -1.39154018787191     
   3.06250000000000      -0.633958635236564       -1.37423209944239     
   3.09375000000000      -0.678103843451650       -1.38957437509814     
   3.12500000000000      -0.709523843572000       -1.42292013144305     
   3.15625000000000      -0.730600759568994       -1.47520447996897     
   3.18750000000000      -0.734609670250915       -1.56791934842176     
   3.21875000000000      -0.641592116244903       -1.63293315631890     
   3.25000000000000      -0.561940268919917       -1.65012250408276     
   3.28125000000000      -0.488391277510478       -1.64620312559548     
   3.31250000000000      -0.421821075276621       -1.62321811426828     
   3.34375000000000      -0.367542532981033       -1.57700412420219     
   3.37500000000000      -0.370116259698384       -1.51795203430609     
   3.40625000000000      -0.378833724469069       -1.50592299649484     
   3.43750000000000      -0.379775540155769       -1.50411147211751     
   3.46875000000000      -0.376543549277846       -1.50778750788174     
   3.50000000000000      -0.370273167115090       -1.51566348332939     
   3.53125000000000      -0.360876527993018       -1.52827179647793     
   3.56250000000000      -0.343272683951662       -1.54152578227783     
   3.59375000000000      -0.325280603157466       -1.55297493447565     
   3.62500000000000      -0.306337540227327       -1.56555924165498     
   3.65625000000000      -0.285963377742438       -1.58014206295476     
   3.68750000000000      -0.263421513596635       -1.59803846209000     
   3.71875000000000      -0.236149944114116       -1.62365329860495     
   3.75000000000000      -0.185255990460918       -1.64328683557643     
   3.78125000000000      -0.137548139036841       -1.64884956071911     
   3.81250000000000      -9.132584494721348E-002  -1.64957581739109     
   3.84375000000000      -4.579396267182512E-002  -1.64687161971190     
   3.87500000000000      -4.375103590859886E-004  -1.64154056009152     
   3.90625000000000       4.575657444638184E-002  -1.63473197912545     
   3.93750000000000       9.991517824390661E-002  -1.62301086096786     
   3.96875000000000       0.150858658502360       -1.59881382923084     
   4.00000000000000       0.197301635564211       -1.56820393734661     
   4.03125000000000       0.239049502276457       -1.53162301641472     
   4.06250000000000       0.275034598867822       -1.48882541476928     
   4.09375000000000       0.302907273593586       -1.43869687196770     
   4.12500000000000       0.311737031682654       -1.37435677010903     
   4.15625000000000       0.292258171785109       -1.34586286194561     
   4.18750000000000       0.287086752580636       -1.32873680655991     
   4.21875000000000       0.287140200566749       -1.31569839179211     
   4.25000000000000       0.290610182168119       -1.30532483223341     
   4.28125000000000       0.296903107612618       -1.29719187871145     
   4.31250000000000       0.306229562437670       -1.29157267435543     
   4.34375000000000       0.323343658846247       -1.29090370440402     
   4.37500000000000       0.348656694299306       -1.27713007629877     
   4.40625000000000       0.369683886597368       -1.25890781262672     
   4.43750000000000       0.388461938619761       -1.23832172639567     
   4.46875000000000       0.405267500349864       -1.21580368815368     
   4.50000000000000       0.419969186070225       -1.19142742510884     
   4.53125000000000       0.432049922125926       -1.16498083662660     
   4.56250000000000       0.439654673409573       -1.13531622376881     
   4.59375000000000       0.436472153589447       -1.11171880409559     
   4.62500000000000       0.437029347742330       -1.09395346844035     
   4.65625000000000       0.438782973677114       -1.07718239076418     
   4.68750000000000       0.440900803354890       -1.06079673378834     
   4.71875000000000       0.442882719948741       -1.04445817753422     
   4.75000000000000       0.444209288731376       -1.02784865060834     
   4.78125000000000       0.443959108661215       -1.01043859612912     
   4.81250000000000       0.436355488329133      -0.992049308836193     
   4.84375000000000       0.427811866328703      -0.986196447507672     
   4.87500000000000       0.423872523773933      -0.983068629115420     
   4.90625000000000       0.422687999723323      -0.981583980189495     
   4.93750000000000       0.423844694713940      -0.981510861416223     
   4.96875000000000       0.427356506501481      -0.982875259789472     
   5.00000000000000       0.433629171738856      -0.985945665001137     
   5.03125000000000       0.443920110730159      -0.991524554222494     
   5.06250000000000       0.467858305006452       -1.00043312916353     
   5.09375000000000       0.495984753353357      -0.988765669562163     
   5.12500000000000       0.517647566428103      -0.972648952260285     
   5.15625000000000       0.535859401950333      -0.954129340644372     
   5.18750000000000       0.551351442022842      -0.933795872273697     
   5.21875000000000       0.564321599185538      -0.911903456315314     
   5.25000000000000       0.574658003933180      -0.888534793301783     
   5.28125000000000       0.581840651525633      -0.863581578459609     
   5.31250000000000       0.583887005654133      -0.836290919676810     
   5.34375000000000       0.575425622422501      -0.817020159132294     
   5.37500000000000       0.572417617499238      -0.804054635335293     
   5.40625000000000       0.571416062180032      -0.792071030084309     
   5.43750000000000       0.571505608177481      -0.780630141915553     
   5.46875000000000       0.572317311323153      -0.769553821433236     
   5.50000000000000       0.573671013325999      -0.758754818830330     
   5.53125000000000       0.575489043202186      -0.748195175924021     
   5.56250000000000       0.577794681824465      -0.737884669293296     
   5.59375000000000       0.580972477559971      -0.728000562023325     
   5.62500000000000       0.585373978341834      -0.716391790919264     
   5.65625000000000       0.588843647675269      -0.704211351691900     
   5.68750000000000       0.591941461388135      -0.691870250987585     
   5.71875000000000       0.594765088174137      -0.679423269570102     
   5.75000000000000       0.597356100854015      -0.666897849847891     
   5.78125000000000       0.599743934540750      -0.654315261823964     
   5.81250000000000       0.601966617889535      -0.641700338621934     
   5.84375000000000       0.604103116569587      -0.629095969167124     
   5.87500000000000       0.606420316604605      -0.616628343924738     
   5.90625000000000       0.609970036474928      -0.602907287359106     
   5.93750000000000       0.612015290287557      -0.587652886433465     
   5.96875000000000       0.612946548802857      -0.572005198558980     
   6.00000000000000       0.612864341040530      -0.556053476639197     
   6.03125000000000       0.611736417210615      -0.539829891073613     
   6.06250000000000       0.609454003655113      -0.523341430741236     
   6.09375000000000       0.605816917380424      -0.506572257900853     
   6.12500000000000       0.600460466070611      -0.489470287815568     
   6.15625000000000       0.592601490305749      -0.471892461681392     
   6.18750000000000       0.579084162913079      -0.453157286735457     
   6.21875000000000       0.560101977253537      -0.447950557740931     
   6.25000000000000       0.548545671080974      -0.445547806146178     
   6.28125000000000       0.539724679025131      -0.443797106149578     
   6.31250000000000       0.532741130138721      -0.442485985885788     
   6.34375000000000       0.527210298942818      -0.441525177195289     
   6.37500000000000       0.522948740476352      -0.440873951826550     
   6.40625000000000       0.519893929061570      -0.440521116271241     
   6.43750000000000       0.518097954284179      -0.440484031798790     
   6.46875000000000       0.517803448386562      -0.440828184901527     
   6.50000000000000       0.519936518305291      -0.441791543987590     
   6.53125000000000       0.526680554254277      -0.438459182698642     
   6.56250000000000       0.530212708638661      -0.432081166515290     
   6.59375000000000       0.532572456257310      -0.425395585400599     
   6.62500000000000       0.534288328588194      -0.418543335018611     
   6.65625000000000       0.535572872986714      -0.411583426700171     
   6.68750000000000       0.536537707527628      -0.404548379520366     
   6.71875000000000       0.537249782340045      -0.397458984261049     
   6.75000000000000       0.537753295605167      -0.390330217906552     
   6.78125000000000       0.538081063356376      -0.383174523319398     
   6.81250000000000       0.538264726626231      -0.376005204705807     
   6.84375000000000       0.538381127857921      -0.368853137208794     
   6.87500000000000       0.538445441261577      -0.361427638519138     
   6.90625000000000       0.538219002994920      -0.353923476735316     
   6.93750000000000       0.537770893190524      -0.346377586042844     
   6.96875000000000       0.537105632611567      -0.338796912680925     
   7.00000000000000       0.536214061056872      -0.331184369623836     
   7.03125000000000       0.535076116760833      -0.323540573934383     
   7.06250000000000       0.533658164157831      -0.315863965663718     
   7.09375000000000       0.531905172520324      -0.308150008642391     
   7.12500000000000       0.529721482890031      -0.300388782940727     
   7.15625000000000       0.526913234117069      -0.292557347969436     
   7.18750000000000       0.522881985768909      -0.284577662056039     
   7.21875000000000       0.516596511700520      -0.279545888828726     
   7.25000000000000       0.512727509617859      -0.276224333973993     
   7.28125000000000       0.509845354602029      -0.273051572451759     
   7.31250000000000       0.507609564772344      -0.269976512404831     
   7.34375000000000       0.505885988193683      -0.266978190539842     
   7.37500000000000       0.504610400800654      -0.264045870847963     
   7.40625000000000       0.503753853646773      -0.261173920676620     
   7.43750000000000       0.503311015811581      -0.258360029482131     
   7.46875000000000       0.503297703988799      -0.255604738175373     
   7.50000000000000       0.503756195705134      -0.252912018909187     
   7.53125000000000       0.504778868280223      -0.250292228047704     
   7.56250000000000       0.506670108254326      -0.247782887786959     
   7.59375000000000       0.509502790862853      -0.244053735160363     
   7.62500000000000       0.511998597256281      -0.240071316481606     
   7.65625000000000       0.514739268729499      -0.236108154345561     
   7.68750000000000       0.517928667955042      -0.232187776640165     
   7.71875000000000       0.521761677733453      -0.228330810598881     
   7.75000000000000       0.526485155743542      -0.224562293556673     
   7.78125000000000       0.532456158608553      -0.220917886426639     
   7.81250000000000       0.540243706637042      -0.217454320522992     
   7.84375000000000       0.550854248550018      -0.214272461829614     
   7.87500000000000       0.566342641046557      -0.211580193935982     
   7.90625000000000       0.592041654874504      -0.209924145881932     
   7.93750000000000       0.652097709047066      -0.211829147669486     
   7.96875000000000       0.668082338254504      -3.886384503940514E-018
   8.00000000000000       0.583052570124282       1.643541955434002E-017
   8.03125000000000       0.543190435590274       1.936440239693696E-018
   8.06250000000000       0.516027916260431       1.615253788824245E-018
   8.09375000000000       0.495038278585371       1.930767992236407E-018
   8.12500000000000       0.477741518221245      -2.635586956850120E-018
   8.15625000000000       0.462921740442835      -7.805680629604735E-019
   8.18750000000000       0.449889553222680      -7.343216149007119E-018
   8.21875000000000       0.438214959636654      -5.784039142682369E-018
   8.25000000000000       0.427610929497342       4.245598778276361E-018
   8.28125000000000       0.417875864394742      -8.021332125220258E-019
   8.31250000000000       0.408862443669176      -1.561555036115581E-018
   8.34375000000000       0.400459533220445       2.859391624862053E-018
   8.37500000000000       0.392581081801745      -2.060655773054863E-018
   8.40625000000000       0.385158992279308      -4.934768043582396E-019
   8.43750000000000       0.378138370556669      -2.791859959740019E-018
   8.46875000000000       0.371474257880756       8.172017175951650E-018
   8.50000000000000       0.365129321787162      -2.545789565081177E-018
   8.53125000000000       0.359072185966311      -9.222141504110666E-019
   8.56250000000000       0.353276197276917      -1.984501123283500E-018
   8.59375000000000       0.347718499007657      -2.208655593270078E-019
   8.62500000000000       0.342379322905884      -3.259938997123886E-018
   8.65625000000000       0.337241440714150      -4.942810799514560E-018
   8.68750000000000       0.332289733663033       4.066580078809152E-018
   8.71875000000000       0.327510850453265       6.702615992319300E-019
   8.75000000000000       0.322892932949517      -3.039951194433964E-018
   8.78125000000000       0.318425393624675       1.358771024003413E-018
   8.81250000000000       0.314098733797765      -2.208365076398893E-018
   8.84375000000000       0.309904393542283      -3.699282305028986E-018
   8.87500000000000       0.305834627243083       1.863266272429240E-018
   8.90625000000000       0.301882399248804       1.911714626856183E-018
   8.93750000000000       0.298041296186738      -1.964025142968910E-018
   8.96875000000000       0.294305452578721      -2.748029150601424E-018
   9.00000000000000       0.290669487472687      -3.091585631997233E-018
   9.03125000000000       0.287128450205121      -6.174189885528364E-018
   9.06250000000000       0.283677773650744       1.092219434819364E-018
   9.09375000000000       0.280313233824124       2.268201663463773E-018
   9.12500000000000       0.277030914808668      -6.511576764286814E-020
   9.15625000000000       0.273827178095532      -4.474847268611385E-018
   9.18750000000000       0.270698635767202       3.557313528968733E-018
   9.21875000000000       0.267642126970247       2.170701982774356E-018
   9.25000000000000       0.264654697051779      -1.088149533214942E-018
   9.28125000000000       0.261733579183954      -2.951634025689174E-018
   9.31250000000000       0.258876178051830      -6.086696774239025E-019
   9.34375000000000       0.256080055233212       6.198600179350298E-019
   9.37500000000000       0.253342916256785      -3.210857416298535E-018
   9.40625000000000       0.250662598887940      -1.568112188790204E-019
   9.43750000000000       0.248037062749737       2.855177888941273E-018
   9.46875000000000       0.245464379865296       8.900959200718662E-019
   9.50000000000000       0.242942726162904      -6.068141945030075E-018
   9.53125000000000       0.240470373777591      -2.710399963587571E-018
   9.56250000000000       0.238045684130284      -1.051916128614977E-018
   9.59375000000000       0.235667101581728       4.332125218861209E-018
   9.62500000000000       0.233333147635733      -5.976413484511376E-019
   9.65625000000000       0.231042415757389      -3.003047026570405E-018
   9.68750000000000       0.228793566486302       2.957652552858950E-018
   9.71875000000000       0.226585323133414       9.103982201058276E-019
   9.75000000000000       0.224416467704198       2.988269506399868E-018
   9.78125000000000       0.222285837181662      -7.152991521163236E-019
   9.81250000000000       0.220192320162715       1.766218864309673E-018
   9.84375000000000       0.218134853716115      -6.662702329643164E-019
   9.87500000000000       0.216112420483086       1.515758272970325E-018
   9.90625000000000       0.214124045962640      -3.817916349894175E-019
   9.93750000000000       0.212168796117789      -1.060647661585706E-018
   9.96875000000000       0.210245775020942       1.660897124635526E-018
   10.0000000000000       0.208354122751396      -1.071296071684325E-018
   11.0000000000000       0.189412838864905       0.000000000000000E+000
   12.0000000000000       0.173628435626163       0.000000000000000E+000
   13.0000000000000       0.160272402116458       0.000000000000000E+000
   14.0000000000000       0.148824373393854       0.000000000000000E+000
   15.0000000000000       0.138902748500931       0.000000000000000E+000
   16.0000000000000       0.130221326719622       0.000000000000000E+000
   17.0000000000000       0.122561248677292       0.000000000000000E+000
   18.0000000000000       0.115752290417442       0.000000000000000E+000
   19.0000000000000       0.109660064605998       0.000000000000000E+000
   20.0000000000000       0.104177061375698       0.000000000000000E+000
   21.0000000000000       9.921624892923619E-002  0.000000000000000E+000
   22.0000000000000       9.470641943245273E-002  0.000000000000000E+000
   23.0000000000000       9.058874902234608E-002  0.000000000000000E+000
   24.0000000000000       8.681421781308167E-002  0.000000000000000E+000
   25.0000000000000       8.334164910055840E-002  0.000000000000000E+000
   26.0000000000000       8.013620105822923E-002  0.000000000000000E+000
   27.0000000000000       7.716819361162815E-002  0.000000000000000E+000
   28.0000000000000       7.441218669692715E-002  0.000000000000000E+000
   29.0000000000000       7.184624922461931E-002  0.000000000000000E+000
   30.0000000000000       6.945137425046534E-002  0.000000000000000E+000
   31.0000000000000       6.721100733915999E-002  0.000000000000000E+000
   32.0000000000000       6.511066335981125E-002  0.000000000000000E+000
   33.0000000000000       6.313761295496849E-002  0.000000000000000E+000
   34.0000000000000       6.128062433864588E-002  0.000000000000000E+000
   35.0000000000000       5.952974935754171E-002  0.000000000000000E+000
   36.0000000000000       5.787614520872111E-002  0.000000000000000E+000
   37.0000000000000       5.631192506794486E-002  0.000000000000000E+000
   38.0000000000000       5.483003230299895E-002  0.000000000000000E+000
   39.0000000000000       5.342413403881949E-002  0.000000000000000E+000
   40.0000000000000       5.208853068784900E-002  0.000000000000000E+000
   41.0000000000000       5.081807871985268E-002  0.000000000000000E+000
   42.0000000000000       4.960812446461810E-002  0.000000000000000E+000
   43.0000000000000       4.845444715148744E-002  0.000000000000000E+000
   44.0000000000000       4.735320971622636E-002  0.000000000000000E+000
   45.0000000000000       4.630091616697689E-002  0.000000000000000E+000
   46.0000000000000       4.529437451117304E-002  0.000000000000000E+000
   47.0000000000000       4.433066441519064E-002  0.000000000000000E+000
   48.0000000000000       4.340710890654084E-002  0.000000000000000E+000
   49.0000000000000       4.252124954110122E-002  0.000000000000000E+000
   50.0000000000000       4.167082455027920E-002  0.000000000000000E+000
   51.0000000000000       4.085374955909726E-002  0.000000000000000E+000
   52.0000000000000       4.006810052911462E-002  0.000000000000000E+000
   53.0000000000000       3.931209863233887E-002  0.000000000000000E+000
   54.0000000000000       3.858409680581407E-002  0.000000000000000E+000
   55.0000000000000       3.788256777298109E-002  0.000000000000000E+000
   56.0000000000000       3.720609334846357E-002  0.000000000000000E+000
   57.0000000000000       3.655335486866596E-002  0.000000000000000E+000
   58.0000000000000       3.592312461230966E-002  0.000000000000000E+000
   59.0000000000000       3.531425809345695E-002  0.000000000000000E+000
   60.0000000000000       3.472568712523267E-002  0.000000000000000E+000
   61.0000000000000       3.415641356580262E-002  0.000000000000000E+000
   62.0000000000000       3.360550366958000E-002  0.000000000000000E+000
   63.0000000000000       3.307208297641206E-002  0.000000000000000E+000
   64.0000000000000       3.255533167990562E-002  0.000000000000000E+000
   65.0000000000000       3.205448042329169E-002  0.000000000000000E+000
   66.0000000000000       3.156880647748424E-002  0.000000000000000E+000
   67.0000000000000       3.109763026140239E-002  0.000000000000000E+000
   68.0000000000000       3.064031216932294E-002  0.000000000000000E+000
   69.0000000000000       3.019624967411536E-002  0.000000000000000E+000
   70.0000000000000       2.976487467877086E-002  0.000000000000000E+000
   71.0000000000000       2.934565109174592E-002  0.000000000000000E+000
   72.0000000000000       2.893807260436056E-002  0.000000000000000E+000
   73.0000000000000       2.854166065087617E-002  0.000000000000000E+000
   74.0000000000000       2.815596253397243E-002  0.000000000000000E+000
   75.0000000000000       2.778054970018613E-002  0.000000000000000E+000
   76.0000000000000       2.741501615149947E-002  0.000000000000000E+000
   77.0000000000000       2.705897698070078E-002  0.000000000000000E+000
   78.0000000000000       2.671206701940974E-002  0.000000000000000E+000
   79.0000000000000       2.637393958878431E-002  0.000000000000000E+000
   80.0000000000000       2.604426534392450E-002  0.000000000000000E+000
   81.0000000000000       2.572273120387605E-002  0.000000000000000E+000
   82.0000000000000       2.540903935992634E-002  0.000000000000000E+000
   83.0000000000000       2.510290635558988E-002  0.000000000000000E+000
   84.0000000000000       2.480406223230905E-002  0.000000000000000E+000
   85.0000000000000       2.451224973545835E-002  0.000000000000000E+000
   86.0000000000000       2.422722357574372E-002  0.000000000000000E+000
   87.0000000000000       2.394874974153977E-002  0.000000000000000E+000
   88.0000000000000       2.367660485811318E-002  0.000000000000000E+000
   89.0000000000000       2.341057559004450E-002  0.000000000000000E+000
   90.0000000000000       2.315045808348844E-002  0.000000000000000E+000
   91.0000000000000       2.289605744520835E-002  0.000000000000000E+000
   92.0000000000000       2.264718725558652E-002  0.000000000000000E+000
   93.0000000000000       2.240366911305333E-002  0.000000000000000E+000
   94.0000000000000       2.216533220759532E-002  0.000000000000000E+000
   95.0000000000000       2.193201292119958E-002  0.000000000000000E+000
   96.0000000000000       2.170355445327042E-002  0.000000000000000E+000
   97.0000000000000       2.147980646921608E-002  0.000000000000000E+000
   98.0000000000000       2.126062477055061E-002  0.000000000000000E+000
   99.0000000000000       2.104587098498949E-002  0.000000000000000E+000
   100.000000000000       2.083541227513960E-002  0.000000000000000E+000
   101.000000000000       2.062912106449465E-002  0.000000000000000E+000
   102.000000000000       2.042687477954863E-002  0.000000000000000E+000
   103.000000000000       2.022855560693165E-002  0.000000000000000E+000
   104.000000000000       2.003405026455731E-002  0.000000000000000E+000
   105.000000000000       1.984324978584724E-002  0.000000000000000E+000
   106.000000000000       1.965604931616943E-002  0.000000000000000E+000
   107.000000000000       1.947234792069122E-002  0.000000000000000E+000
   108.000000000000       1.929204840290704E-002  0.000000000000000E+000
   109.000000000000       1.911505713315560E-002  0.000000000000000E+000
   110.000000000000       1.894128388649054E-002  0.000000000000000E+000
   111.000000000000       1.877064168931495E-002  0.000000000000000E+000
   112.000000000000       1.860304667423179E-002  0.000000000000000E+000
   113.000000000000       1.843841794260142E-002  0.000000000000000E+000
   114.000000000000       1.827667743433298E-002  0.000000000000000E+000
   115.000000000000       1.811774980446922E-002  0.000000000000000E+000
   116.000000000000       1.796156230615483E-002  0.000000000000000E+000
   117.000000000000       1.780804467960649E-002  0.000000000000000E+000
   118.000000000000       1.765712904672848E-002  0.000000000000000E+000
   119.000000000000       1.750874981104168E-002  0.000000000000000E+000
   120.000000000000       1.736284356261633E-002  0.000000000000000E+000
   121.000000000000       1.721934898771868E-002  0.000000000000000E+000
   122.000000000000       1.707820678290131E-002  0.000000000000000E+000
   123.000000000000       1.693935957328423E-002  0.000000000000000E+000
   124.000000000000       1.680275183479000E-002  0.000000000000000E+000
   125.000000000000       1.666832982011168E-002  0.000000000000000E+000
   126.000000000000       1.653604148820603E-002  0.000000000000000E+000
   127.000000000000       1.640583643711780E-002  0.000000000000000E+000
   128.000000000000       1.627766583995281E-002  0.000000000000000E+000
   129.000000000000       1.615148238382915E-002  0.000000000000000E+000
   130.000000000000       1.602724021164584E-002  0.000000000000000E+000
   131.000000000000       1.590489486651878E-002  0.000000000000000E+000
   132.000000000000       1.578440323874212E-002  0.000000000000000E+000
   133.000000000000       1.566572351514256E-002  0.000000000000000E+000
   134.000000000000       1.554881513070119E-002  0.000000000000000E+000
   135.000000000000       1.543363872232563E-002  0.000000000000000E+000
   136.000000000000       1.532015608466147E-002  0.000000000000000E+000
   137.000000000000       1.520833012783912E-002  0.000000000000000E+000
   138.000000000000       1.509812483705768E-002  0.000000000000000E+000
   139.000000000000       1.498950523391338E-002  0.000000000000000E+000
   140.000000000000       1.488243733938543E-002  0.000000000000000E+000
   141.000000000000       1.477688813839688E-002  0.000000000000000E+000
   142.000000000000       1.467282554587296E-002  0.000000000000000E+000
   143.000000000000       1.457021837422350E-002  0.000000000000000E+000
   144.000000000000       1.446903630218028E-002  0.000000000000000E+000
   145.000000000000       1.436924984492386E-002  0.000000000000000E+000
   146.000000000000       1.427083032543808E-002  0.000000000000000E+000
   147.000000000000       1.417374984703374E-002  0.000000000000000E+000
   148.000000000000       1.407798126698622E-002  0.000000000000000E+000
   149.000000000000       1.398349817123463E-002  0.000000000000000E+000
   150.000000000000       1.389027485009307E-002  0.000000000000000E+000
   151.000000000000       1.379828627492689E-002  0.000000000000000E+000
   152.000000000000       1.370750807574974E-002  0.000000000000000E+000
   153.000000000000       1.361791651969908E-002  0.000000000000000E+000
   154.000000000000       1.352948849035039E-002  0.000000000000000E+000
   155.000000000000       1.344220146783200E-002  0.000000000000000E+000
   156.000000000000       1.335603350970487E-002  0.000000000000000E+000
   157.000000000000       1.327096323257299E-002  0.000000000000000E+000
   158.000000000000       1.318696979439215E-002  0.000000000000000E+000
   159.000000000000       1.310403287744629E-002  0.000000000000000E+000
   160.000000000000       1.302213267196225E-002  0.000000000000000E+000
   161.000000000000       1.294124986033516E-002  0.000000000000000E+000
   162.000000000000       1.286136560193803E-002  0.000000000000000E+000
   163.000000000000       1.278246151849055E-002  0.000000000000000E+000
   164.000000000000       1.270451967996317E-002  0.000000000000000E+000
   165.000000000000       1.262752259099370E-002  0.000000000000000E+000
   166.000000000000       1.255145317779494E-002  0.000000000000000E+000
   167.000000000000       1.247629477553269E-002  0.000000000000000E+000
   168.000000000000       1.240203111615452E-002  0.000000000000000E+000
   169.000000000000       1.232864631665065E-002  0.000000000000000E+000
   170.000000000000       1.225612486772918E-002  0.000000000000000E+000
   171.000000000000       1.218445162288865E-002  0.000000000000000E+000
   172.000000000000       1.211361178787186E-002  0.000000000000000E+000
   173.000000000000       1.204359091048532E-002  0.000000000000000E+000
   174.000000000000       1.197437487076988E-002  0.000000000000000E+000
   175.000000000000       1.190594987150834E-002  0.000000000000000E+000
   176.000000000000       1.183830242905659E-002  0.000000000000000E+000
   177.000000000000       1.177141936448565E-002  0.000000000000000E+000
   178.000000000000       1.170528779502225E-002  0.000000000000000E+000
   179.000000000000       1.163989512577631E-002  0.000000000000000E+000
   180.000000000000       1.157522904174422E-002  0.000000000000000E+000
   181.000000000000       1.151127750007713E-002  0.000000000000000E+000
   182.000000000000       1.144802872260418E-002  0.000000000000000E+000
   183.000000000000       1.138547118860087E-002  0.000000000000000E+000
   184.000000000000       1.132359362779326E-002  0.000000000000000E+000
   185.000000000000       1.126238501358897E-002  0.000000000000000E+000
   186.000000000000       1.120183455652667E-002  0.000000000000000E+000
   187.000000000000       1.114193169793561E-002  0.000000000000000E+000
   188.000000000000       1.108266610379766E-002  0.000000000000000E+000
   189.000000000000       1.102402765880402E-002  0.000000000000000E+000
   190.000000000000       1.096600646059979E-002  0.000000000000000E+000
   191.000000000000       1.090859281420921E-002  0.000000000000000E+000
   192.000000000000       1.085177722663521E-002  0.000000000000000E+000
   193.000000000000       1.079555040162674E-002  0.000000000000000E+000
   194.000000000000       1.073990323460804E-002  0.000000000000000E+000
   195.000000000000       1.068482680776390E-002  0.000000000000000E+000
   196.000000000000       1.063031238527531E-002  0.000000000000000E+000
   197.000000000000       1.057635140870030E-002  0.000000000000000E+000
   198.000000000000       1.052293549249475E-002  0.000000000000000E+000
   199.000000000000       1.047005641966814E-002  0.000000000000000E+000
   200.000000000000       1.041770613756980E-002  0.000000000000000E+000
   201.000000000000       1.036587675380080E-002  0.000000000000000E+000
   202.000000000000       1.031456053224733E-002  0.000000000000000E+000
   203.000000000000       1.026374988923133E-002  0.000000000000000E+000
   204.000000000000       1.021343738977431E-002  0.000000000000000E+000
   205.000000000000       1.016361574397054E-002  0.000000000000000E+000
   206.000000000000       1.011427780346582E-002  0.000000000000000E+000
   207.000000000000       1.006541655803845E-002  0.000000000000000E+000
   208.000000000000       1.001702513227865E-002  0.000000000000000E+000
   209.000000000000       9.969096782363445E-003  0.000000000000000E+000
   210.000000000000       9.921624892923619E-003  0.000000000000000E+000
   211.000000000000       9.874602973999811E-003  0.000000000000000E+000
   212.000000000000       9.828024658084716E-003  0.000000000000000E+000
   213.000000000000       9.781883697248639E-003  0.000000000000000E+000
   214.000000000000       9.736173960345608E-003  0.000000000000000E+000
   215.000000000000       9.690889430297488E-003  0.000000000000000E+000
   216.000000000000       9.646024201453518E-003  0.000000000000000E+000
   217.000000000000       9.601572477022858E-003  0.000000000000000E+000
   218.000000000000       9.557528566577798E-003  0.000000000000000E+000
   219.000000000000       9.513886883625387E-003  0.000000000000000E+000
   220.000000000000       9.470641943245272E-003  0.000000000000000E+000
   221.000000000000       9.427788359791673E-003  0.000000000000000E+000
   222.000000000000       9.385320844657477E-003  0.000000000000000E+000
   223.000000000000       9.343234204098475E-003  0.000000000000000E+000
   224.000000000000       9.301523337115893E-003  0.000000000000000E+000
   225.000000000000       9.260183233395378E-003  0.000000000000000E+000
   226.000000000000       9.219208971300708E-003  0.000000000000000E+000
   227.000000000000       9.178595715920529E-003  0.000000000000000E+000
   228.000000000000       9.138338717166490E-003  0.000000000000000E+000
   229.000000000000       9.098433307921223E-003  0.000000000000000E+000
   230.000000000000       9.058874902234608E-003  0.000000000000000E+000
   231.000000000000       9.019658993566926E-003  0.000000000000000E+000
   232.000000000000       8.980781153077414E-003  0.000000000000000E+000
   233.000000000000       8.942237027956910E-003  0.000000000000000E+000
   234.000000000000       8.904022339803247E-003  0.000000000000000E+000
   235.000000000000       8.866132883038128E-003  0.000000000000000E+000
   236.000000000000       8.828564523364238E-003  0.000000000000000E+000
   237.000000000000       8.791313196261434E-003  0.000000000000000E+000
   238.000000000000       8.754374905520839E-003  0.000000000000000E+000
   239.000000000000       8.717745721815733E-003  0.000000000000000E+000
   240.000000000000       8.681421781308167E-003  0.000000000000000E+000
   241.000000000000       8.645399284290291E-003  0.000000000000000E+000
   242.000000000000       8.609674493859338E-003  0.000000000000000E+000
   243.000000000000       8.574243734625349E-003  0.000000000000000E+000
   244.000000000000       8.539103391450656E-003  0.000000000000000E+000
   245.000000000000       8.504249908220244E-003  0.000000000000000E+000
   246.000000000000       8.469679786642113E-003  0.000000000000000E+000
   247.000000000000       8.435389585076761E-003  0.000000000000000E+000
   248.000000000000       8.401375917394999E-003  0.000000000000000E+000
   249.000000000000       8.367635451863293E-003  0.000000000000000E+000
   250.000000000000       8.334164910055840E-003  0.000000000000000E+000
   251.000000000000       8.300961065792669E-003  0.000000000000000E+000
   252.000000000000       8.268020744103016E-003  0.000000000000000E+000
   253.000000000000       8.235340820213280E-003  0.000000000000000E+000
   254.000000000000       8.202918218558898E-003  0.000000000000000E+000
   255.000000000000       8.170749911819451E-003  0.000000000000000E+000
   256.000000000000       8.138832919976406E-003  0.000000000000000E+000
   257.000000000000       8.107164309392841E-003  0.000000000000000E+000
   258.000000000000       8.075741191914574E-003  0.000000000000000E+000
   259.000000000000       8.044560723992124E-003  0.000000000000000E+000
   260.000000000000       8.013620105822922E-003  0.000000000000000E+000
   261.000000000000       7.982916580513257E-003  0.000000000000000E+000
   262.000000000000       7.952447433259390E-003  0.000000000000000E+000
   263.000000000000       7.922209990547376E-003  0.000000000000000E+000
   264.000000000000       7.892201619371061E-003  0.000000000000000E+000
   265.000000000000       7.862419726467774E-003  0.000000000000000E+000
   266.000000000000       7.832861757571278E-003  0.000000000000000E+000
   267.000000000000       7.803525196681498E-003  0.000000000000000E+000
   268.000000000000       7.774407565350597E-003  0.000000000000000E+000
   269.000000000000       7.745506421984982E-003  0.000000000000000E+000
   270.000000000000       7.716819361162815E-003  0.000000000000000E+000
   271.000000000000       7.688344012966642E-003  0.000000000000000E+000
   272.000000000000       7.660078042330735E-003  0.000000000000000E+000
   273.000000000000       7.632019148402783E-003  0.000000000000000E+000
   274.000000000000       7.604165063919562E-003  0.000000000000000E+000
   275.000000000000       7.576513554596218E-003  0.000000000000000E+000
   276.000000000000       7.549062418528841E-003  0.000000000000000E+000
   277.000000000000       7.521809485609964E-003  0.000000000000000E+000
   278.000000000000       7.494752616956691E-003  0.000000000000000E+000
   279.000000000000       7.467889704351111E-003  0.000000000000000E+000
   280.000000000000       7.441218669692714E-003  0.000000000000000E+000
   281.000000000000       7.414737464462491E-003  0.000000000000000E+000
   282.000000000000       7.388444069198440E-003  0.000000000000000E+000
   283.000000000000       7.362336492982190E-003  0.000000000000000E+000
   284.000000000000       7.336412772936479E-003  0.000000000000000E+000
   285.000000000000       7.310670973733193E-003  0.000000000000000E+000
   286.000000000000       7.285109187111749E-003  0.000000000000000E+000
   287.000000000000       7.259725531407526E-003  0.000000000000000E+000
   288.000000000000       7.234518151090139E-003  0.000000000000000E+000
   289.000000000000       7.209485216311280E-003  0.000000000000000E+000
   290.000000000000       7.184624922461931E-003  0.000000000000000E+000
   291.000000000000       7.159935489738694E-003  0.000000000000000E+000
   292.000000000000       7.135415162719041E-003  0.000000000000000E+000
   293.000000000000       7.111062209945256E-003  0.000000000000000E+000
   294.000000000000       7.086874923516871E-003  0.000000000000000E+000
   295.000000000000       7.062851618691390E-003  0.000000000000000E+000
   296.000000000000       7.038990633493108E-003  0.000000000000000E+000
   297.000000000000       7.015290328329832E-003  0.000000000000000E+000
   298.000000000000       6.991749085617316E-003  0.000000000000000E+000
   299.000000000000       6.968365309411238E-003  0.000000000000000E+000
   300.000000000000       6.945137425046533E-003  0.000000000000000E+000
   301.000000000000       6.922063878783921E-003  0.000000000000000E+000
   302.000000000000       6.899143137463443E-003  0.000000000000000E+000
   303.000000000000       6.876373688164884E-003  0.000000000000000E+000
   304.000000000000       6.853754037874868E-003  0.000000000000000E+000
   305.000000000000       6.831282713160525E-003  0.000000000000000E+000
   306.000000000000       6.808958259849542E-003  0.000000000000000E+000
   307.000000000000       6.786779242716482E-003  0.000000000000000E+000
   308.000000000000       6.764744245175195E-003  0.000000000000000E+000
   309.000000000000       6.742851868977217E-003  0.000000000000000E+000
   310.000000000000       6.721100733916000E-003  0.000000000000000E+000
