  0.000000000000000E+000 -0.214012382566106       1.528255324392477E-006
  7.812500000000000E-003 -0.214617301384083      -7.349931665878023E-004
  1.562500000000000E-002 -0.216280457381741      -3.045138504659859E-003
  2.343750000000000E-002 -0.216214930976453      -5.881119008902529E-003
  3.125000000000000E-002 -0.217330492113014      -9.602127445636485E-003
  3.906250000000000E-002 -0.215012704979280      -1.613905105410408E-002
  4.687500000000000E-002 -0.207564372392989      -1.464095298546652E-002
  5.468750000000000E-002 -0.207525115410114      -1.246129395666032E-002
  6.250000000000000E-002 -0.208579542150097      -1.251362422874998E-002
  7.031250000000000E-002 -0.209284762861410      -1.313760109036956E-002
  7.812500000000000E-002 -0.209834054735915      -1.471462872952031E-002
  8.593750000000000E-002 -0.208985583249662      -1.583052493849077E-002
  9.375000000000000E-002 -0.208597930102650      -1.660971695587186E-002
  0.101562500000000      -0.208335729882688      -1.645366395498522E-002
  0.109375000000000      -0.208433528265227      -1.629437128422944E-002
  0.117187500000000      -0.209657714174931      -1.544713751088392E-002
  0.125000000000000      -0.211518003578520      -1.505090652011462E-002
  0.132812500000000      -0.214571583555319      -1.508319111045843E-002
  0.140625000000000      -0.218596028236594      -1.592791800924984E-002
  0.148437500000000      -0.222511265993228      -1.912951934007202E-002
  0.156250000000000      -0.226372834804376      -2.289089655555950E-002
  0.164062500000000      -0.228157147271544      -2.843723862820016E-002
  0.171875000000000      -0.230182251167142      -3.300167834051255E-002
  0.179687500000000      -0.231221280463120      -3.912784408554398E-002
  0.187500000000000      -0.232205221397721      -4.501670371430690E-002
  0.195312500000000      -0.232080580258730      -5.307639588900407E-002
  0.203125000000000      -0.229611491091875      -5.864617212451811E-002
  0.210937500000000      -0.231137613081407      -6.672466163864706E-002
  0.218750000000000      -0.224159238060010      -8.772871864313016E-002
  0.226562500000000      -0.202211668206832      -9.539422591865182E-002
  0.234375000000000      -0.180359852180371      -9.166631961471569E-002
  0.242187500000000      -0.163795859855377      -7.504317217383498E-002
  0.250000000000000      -0.160610978097102      -5.776477405337757E-002
  0.257812500000000      -0.164792931008564      -4.431862035210092E-002
  0.265625000000000      -0.166851281472430      -3.855054459129719E-002
  0.273437500000000      -0.165935668276900      -2.819330984122758E-002
  0.281250000000000      -0.172253730245998      -4.061364494560326E-003
  0.289062500000000      -0.199283998782150      -6.482173247028694E-003
  0.296875000000000      -0.208654971588599      -1.215615765206464E-002
  0.304687500000000      -0.215085700380194      -1.421005636914078E-002
  0.312500000000000      -0.223467151966776      -1.643121083821245E-002
  0.320312500000000      -0.231469172891043      -1.933236250829675E-002
  0.328125000000000      -0.240061038817889      -2.307381677330146E-002
  0.335937500000000      -0.249214906537415      -2.874135020121792E-002
  0.343750000000000      -0.258841380371288      -3.612227812184839E-002
  0.351562500000000      -0.270056449609758      -4.805645586544391E-002
  0.359375000000000      -0.272615333307859      -7.365225822991388E-002
  0.367187500000000      -0.261682619932151      -8.569367948525734E-002
  0.375000000000000      -0.252876032667897      -9.252997035653003E-002
  0.382812500000000      -0.243537541912269      -9.615771759729393E-002
  0.390625000000000      -0.238230645792816      -9.178376517980527E-002
  0.398437500000000      -0.239057409629190      -9.047176404389648E-002
  0.406250000000000      -0.241553709723891      -9.142065368630733E-002
  0.414062500000000      -0.245174835892698      -9.604999510272970E-002
  0.421875000000000      -0.243194000680641      -0.101597394532454     
  0.429687500000000      -0.241764453036474      -0.104933290915033     
  0.437500000000000      -0.240430681063114      -0.107950563290754     
  0.445312500000000      -0.237917234945148      -0.110382053690862     
  0.453125000000000      -0.237301028952590      -0.110230640360731     
  0.460937500000000      -0.237888369871193      -0.110602789678182     
  0.468750000000000      -0.239322409436609      -0.110959618216358     
  0.476562500000000      -0.242358768210817      -0.111338276404234     
  0.484375000000000      -0.245113712510100      -0.113741207032617     
  0.492187500000000      -0.248041146828711      -0.114545615194257     
  0.500000000000000      -0.253375420058341      -0.114289019813153     
  0.507812500000000      -0.264515773547752      -0.114651073489755     
  0.515625000000000      -0.277244063045644      -0.128987941120727     
  0.523437500000000      -0.279826017349704      -0.141600603577150     
  0.531250000000000      -0.281626249723125      -0.152161012436680     
  0.539062500000000      -0.283764037073931      -0.162349157314121     
  0.546875000000000      -0.286108248941391      -0.174517261450350     
  0.554687500000000      -0.285519074034212      -0.185833214044781     
  0.562500000000000      -0.286141856210236      -0.197046796824141     
  0.570312500000000      -0.287382199948884      -0.210002834815546     
  0.578125000000000      -0.288346627057660      -0.226553838703761     
  0.585937500000000      -0.282277645375720      -0.250649153017111     
  0.593750000000000      -0.266750029255686      -0.265220087068536     
  0.601562500000000      -0.252660061444182      -0.274899405326329     
  0.609375000000000      -0.239646042088522      -0.282025024925509     
  0.617187500000000      -0.227509468574159      -0.287479997877164     
  0.625000000000000      -0.215764667155184      -0.291631618050155     
  0.632812500000000      -0.205045355683777      -0.293820161556774     
  0.640625000000000      -0.195687427796547      -0.295032866278318     
  0.648437500000000      -0.187581043901040      -0.295295951156584     
  0.656250000000000      -0.181178478462322      -0.294214898661307     
  0.664062500000000      -0.179574432870270      -0.290502427204494     
  0.671875000000000      -0.183617245306551      -0.297136476633570     
  0.679687500000000      -0.182914991840339      -0.306402921301670     
  0.687500000000000      -0.180298551973259      -0.317366350182304     
  0.695312500000000      -0.175569476219738      -0.330267901073410     
  0.703125000000000      -0.167280823580550      -0.345450898420393     
  0.710937500000000      -0.150816296694199      -0.358147515967574     
  0.718750000000000      -0.136748005213032      -0.365480619467298     
  0.726562500000000      -0.122919874379678      -0.373162429904803     
  0.734375000000000      -0.107788196648301      -0.381164379745201     
  0.742187500000000      -8.993343949750643E-002 -0.389067896095175     
  0.750000000000000      -6.678768821113723E-002 -0.395077049827886     
  0.757812500000000      -4.283244608674096E-002 -0.387055078365994     
  0.765625000000000      -2.997067479710067E-002 -0.380355916952609     
  0.773437500000000      -1.909831977533873E-002 -0.376898375433722     
  0.781250000000000      -8.313898740589293E-003 -0.376258934755793     
  0.789062500000000       4.358972142183111E-003 -0.378507856462287     
  0.796875000000000       2.290494738674635E-002 -0.383258600277722     
  0.804687500000000       5.270590294777922E-002 -0.375941332987010     
  0.812500000000000       6.968132394476889E-002 -0.360690277425226     
  0.820312500000000       8.235513384572500E-002 -0.347334305185617     
  0.828125000000000       9.339540080511059E-002 -0.335176486811505     
  0.835937500000000       0.103838515870483      -0.323332077765393     
  0.843750000000000       0.113769771286179      -0.310660838833813     
  0.851562500000000       0.120862526778081      -0.296189683242673     
  0.859375000000000       0.125964108372241      -0.284983868716001     
  0.867187500000000       0.131667302774178      -0.274176324580624     
  0.875000000000000       0.137361940759400      -0.263148251003127     
  0.882812500000000       0.142752013275938      -0.251602761138478     
  0.890625000000000       0.147525902910066      -0.239287603546896     
  0.898437500000000       0.151193388853913      -0.225820531149857     
  0.906250000000000       0.150720119067004      -0.211077560139629     
  0.914062500000000       0.148483254276882      -0.200885828971603     
  0.921875000000000       0.146993238064466      -0.192182570273105     
  0.929687500000000       0.145922306223595      -0.184256684623866     
  0.937500000000000       0.145133648949907      -0.176820182048017     
  0.945312500000000       0.144542563344424      -0.169710488918859     
  0.953125000000000       0.144099535600650      -0.162828222333319     
  0.960937500000000       0.143875575465522      -0.155970123086523     
  0.968750000000000       0.143385493144182      -0.149021084026166     
  0.976562500000000       0.142700962139502      -0.142224780892551     
  0.984375000000000       0.141820505958719      -0.135580798777518     
  0.992187500000000       0.140722094505385      -0.129130634949321     
   1.00000000000000       0.139399080838516      -0.122966115435202     
   1.00781250000000       0.137907284715063      -0.117275969267035     
   1.01562500000000       0.136642265696213      -0.112617344442026     
   1.02343750000000       0.137409438485242      -0.107140836595045     
   1.03125000000000       0.137533596238205      -0.100369065987982     
   1.03906250000000       0.137023006922939      -9.287296711248468E-002
   1.04687500000000       0.135604262453207      -8.475783674546844E-002
   1.05468750000000       0.132883346198684      -7.619849465471731E-002
   1.06250000000000       0.128336319591800      -6.757371506241823E-002
   1.07031250000000       0.121256845854060      -5.973019426686890E-002
   1.07812500000000       0.110516174113333      -5.626140092651607E-002
   1.08593750000000       0.105507006557702      -5.717799029440009E-002
   1.09375000000000       0.102281029697564      -5.668021228199235E-002
   1.10156250000000       9.977606256661910E-002 -5.558825836646109E-002
   1.10937500000000       9.769688485679372E-002 -5.409756671090740E-002
   1.11718750000000       9.589960173241757E-002 -5.227737566683763E-002
   1.12500000000000       9.429443280046511E-002 -5.013453878840018E-002
   1.13281250000000       9.280868699482224E-002 -4.760815696506262E-002
   1.14062500000000       9.133809576251872E-002 -4.435936695777672E-002
   1.14843750000000       8.840438401349685E-002 -4.104830692440583E-002
   1.15625000000000       8.552869453039920E-002 -3.846552846508695E-002
   1.16406250000000       8.270767168400739E-002 -3.612236649138167E-002
   1.17187500000000       7.991683284309346E-002 -3.393254302452087E-002
   1.17968750000000       7.713705410130720E-002 -3.185687524461846E-002
   1.18750000000000       7.434844991116710E-002 -2.987020708090013E-002
   1.19531250000000       7.152285392658890E-002 -2.794825834486859E-002
   1.20312500000000       6.859717012234541E-002 -2.604805337463264E-002
   1.21093750000000       6.514956015542761E-002 -2.431549309930073E-002
   1.21875000000000       6.191022864057406E-002 -2.333984237290380E-002
   1.22656250000000       5.893677046205296E-002 -2.251173557763157E-002
   1.23437500000000       5.612105237715152E-002 -2.178337376061363E-002
   1.24218750000000       5.342381111363087E-002 -2.113463806142871E-002
   1.25000000000000       5.082458830063115E-002 -2.054967679900350E-002
   1.25781250000000       4.831184163453781E-002 -2.000928015956615E-002
   1.26562500000000       4.588070198612649E-002 -1.948007348355489E-002
   1.27343750000000       4.353692605915445E-002 -1.887540575908778E-002
   1.28125000000000       4.092552304040552E-002 -1.775929953542981E-002
   1.28906250000000       3.753452445424851E-002 -1.722151589657854E-002
   1.29687500000000       3.408796628803502E-002 -1.725085480244700E-002
   1.30468750000000       3.066208840521207E-002 -1.778436727156309E-002
   1.31250000000000       2.733177876066067E-002 -1.883060579345237E-002
   1.32031250000000       2.418457578931930E-002 -2.041670746264973E-002
   1.32812500000000       2.132981166966816E-002 -2.258151690671828E-002
   1.33593750000000       1.891430487261855E-002 -2.538400755144317E-002
   1.34375000000000       1.716929496243717E-002 -2.894783781749835E-002
   1.35156250000000       1.674039509189662E-002 -3.382813898472760E-002
   1.35937500000000       2.019434928714362E-002 -3.676045176102518E-002
   1.36718750000000       2.260641347803633E-002 -3.753828111353556E-002
   1.37500000000000       2.457520067478795E-002 -3.762131701267801E-002
   1.38281250000000       2.625524230231633E-002 -3.721802843310023E-002
   1.39062500000000       2.770128383942631E-002 -3.640949211642220E-002
   1.39843750000000       2.892727676205458E-002 -3.522701277957724E-002
   1.40625000000000       2.991985902796520E-002 -3.367087624078660E-002
   1.41406250000000       3.063539081005487E-002 -3.170814212412651E-002
   1.42187500000000       3.097069328120878E-002 -2.923794586320144E-002
   1.42968750000000       3.049214087766409E-002 -2.575906764650028E-002
   1.43750000000000       2.762009101329352E-002 -2.372569664484037E-002
   1.44531250000000       2.545283102333322E-002 -2.275851142591515E-002
   1.45312500000000       2.353070587259541E-002 -2.213140661370695E-002
   1.46093750000000       2.176030610502863E-002 -2.171928813167887E-002
   1.46875000000000       2.010218292832040E-002 -2.146524508520324E-002
   1.47656250000000       1.853609206100862E-002 -2.133611543827168E-002
   1.48437500000000       1.705043549328978E-002 -2.130877161106347E-002
   1.49218750000000       1.563735081575302E-002 -2.136365739425110E-002
   1.50000000000000       1.428859203640536E-002 -2.147928720639101E-002
   1.50781250000000       1.298502018362849E-002 -2.161780049809011E-002
   1.51562500000000       1.152700669020237E-002 -2.180915507868879E-002
   1.52343750000000       1.017053295742567E-002 -2.230693670655906E-002
   1.53125000000000       8.963497016804572E-003 -2.290463728337737E-002
   1.53906250000000       7.875113130206661E-003 -2.357261405571445E-002
   1.54687500000000       6.892418108125589E-003 -2.430098370904080E-002
   1.55468750000000       6.009504883796846E-003 -2.508701239759357E-002
   1.56250000000000       5.225242563688782E-003 -2.593280252019311E-002
   1.57031250000000       4.543392237100613E-003 -2.684572206857668E-002
   1.57812500000000       3.974987834872771E-003 -2.784147280251164E-002
   1.58593750000000       3.546524808361850E-003 -2.895407724953229E-002
   1.59375000000000       3.340371640143247E-003 -3.028426561096667E-002
   1.60156250000000       4.079997495501807E-003 -3.159027565707079E-002
   1.60937500000000       4.777500548088247E-003 -3.204691989434762E-002
   1.61718750000000       5.308951239866295E-003 -3.229680396168524E-002
   1.62500000000000       5.746029071423362E-003 -3.242440616529395E-002
   1.63281250000000       6.116611421348000E-003 -3.246304721930398E-002
   1.64062500000000       6.435046636689587E-003 -3.243038344520182E-002
   1.64843750000000       6.709512864233298E-003 -3.233700673808286E-002
   1.65625000000000       6.944714999857127E-003 -3.218956229695639E-002
   1.66406250000000       7.143008370886642E-003 -3.199198297624505E-002
   1.67187500000000       7.304674379499115E-003 -3.174560760441981E-002
   1.67968750000000       7.426912247995263E-003 -3.144725649371304E-002
   1.68750000000000       7.477418624332513E-003 -3.106704099933959E-002
   1.69531250000000       7.415761856645949E-003 -3.075152881298355E-002
   1.70312500000000       7.363690496777832E-003 -3.044555715968299E-002
   1.71093750000000       7.299504400165983E-003 -3.012473111140218E-002
   1.71875000000000       7.214942464393898E-003 -2.978425805505733E-002
   1.72656250000000       7.104178981693676E-003 -2.942281571819111E-002
   1.73437500000000       6.962004033034473E-003 -2.904034073423543E-002
   1.74218750000000       6.783015243426461E-003 -2.863730746003454E-002
   1.75000000000000       6.560902704203587E-003 -2.821434528076801E-002
   1.75781250000000       6.287336068212176E-003 -2.777184712169516E-002
   1.76562500000000       5.949442816506499E-003 -2.730917498682112E-002
   1.77343750000000       5.521506747145270E-003 -2.682188357438514E-002
   1.78125000000000       4.876846027637059E-003 -2.627103757116685E-002
   1.78906250000000       4.085109755459658E-003 -2.620167895802309E-002
   1.79687500000000       3.514525948385324E-003 -2.619396509883910E-002
   1.80468750000000       3.028880405286054E-003 -2.619715246757493E-002
   1.81250000000000       2.596314524688952E-003 -2.620084822446988E-002
   1.82031250000000       2.201159030368055E-003 -2.619977951223819E-002
   1.82812500000000       1.833652139165552E-003 -2.619020219820065E-002
   1.83593750000000       1.486656643027392E-003 -2.616881378186018E-002
   1.84375000000000       1.154169066178752E-003 -2.613221598439974E-002
   1.85156250000000       8.303794621645603E-004 -2.607644418104749E-002
   1.85937500000000       5.087354252127902E-004 -2.599623293283827E-002
   1.86718750000000       1.802980964150682E-004 -2.588323609659841E-002
   1.87500000000000      -1.716748175438057E-004 -2.571901217299222E-002
   1.88281250000000      -6.862508467739982E-004 -2.547657840800251E-002
   1.89062500000000      -1.269949080903839E-003 -2.545290916100412E-002
   1.89843750000000      -1.793755186613523E-003 -2.548122903308746E-002
   1.90625000000000      -2.288626737749367E-003 -2.552989340512091E-002
   1.91406250000000      -2.767911060777393E-003 -2.558993724311787E-002
   1.92187500000000      -3.240104156471724E-003 -2.565795577184156E-002
   1.92968750000000      -3.711786168327375E-003 -2.573288309710929E-002
   1.93750000000000      -4.188866174601029E-003 -2.581502847804622E-002
   1.94531250000000      -4.677393537682822E-003 -2.590584809745474E-002
   1.95312500000000      -5.184394239859011E-003 -2.600816844754078E-002
   1.96093750000000      -5.719182100618857E-003 -2.612703740732156E-002
   1.96875000000000      -6.296232577625830E-003 -2.627219566820096E-002
   1.97656250000000      -6.944261883272058E-003 -2.646728348610897E-002
   1.98437500000000      -7.783154962405569E-003 -2.687034127156840E-002
   1.99218750000000      -8.132036206498319E-003 -2.753166716047784E-002
   2.00000000000000      -8.449133819316156E-003 -2.798537761506160E-002
   2.00781250000000      -8.775181522218702E-003 -2.840784488879692E-002
   2.01562500000000      -9.098211082369554E-003 -2.884316126595281E-002
   2.02343750000000      -9.393734467089314E-003 -2.931072510425034E-002
   2.03125000000000      -9.626632882047959E-003 -2.981098880687106E-002
   2.03906250000000      -9.753582143537215E-003 -3.031799625279968E-002
   2.04687500000000      -9.733203748036720E-003 -3.076395592448026E-002
   2.05468750000000      -9.554273363254130E-003 -3.101972761025045E-002
   2.06250000000000      -9.296179437733254E-003 -3.088458253743172E-002
   2.07031250000000      -9.231651778043710E-003 -3.011642047026657E-002
   2.07812500000000      -9.969669671166859E-003 -2.854352200935180E-002
   2.08593750000000      -1.273561960573554E-002 -2.628600793099021E-002
   2.09375000000000      -2.211092874837233E-002 -2.572992976280117E-002
   2.10156250000000      -2.577249523253297E-002 -3.812473040871527E-002
   2.10937500000000      -1.975833362454726E-002 -4.689571266512618E-002
   2.11718750000000      -1.183515080228839E-002 -4.871023762282795E-002
   2.12500000000000      -6.507811487422489E-003 -4.671734561154444E-002
   2.13281250000000      -3.769392118842506E-003 -4.389453701323626E-002
   2.14062500000000      -2.627415622190871E-003 -4.134423496444466E-002
   2.14843750000000      -2.366404494223916E-003 -3.929691158884560E-002
   2.15625000000000      -2.584111868590000E-003 -3.772411139353622E-002
   2.16406250000000      -3.065288811769784E-003 -3.654557062005209E-002
   2.17187500000000      -3.695140965161344E-003 -3.568625213570242E-002
   2.17968750000000      -4.413086812450822E-003 -3.508870572491019E-002
   2.18750000000000      -5.189877563936958E-003 -3.471436895139805E-002
   2.19531250000000      -6.018626916665785E-003 -3.454550968742497E-002
   2.20312500000000      -6.923016181662052E-003 -3.460259389824838E-002
   2.21093750000000      -7.821565158197402E-003 -3.523248849883565E-002
   2.21875000000000      -8.111470668529224E-003 -3.588305281363083E-002
   2.22656250000000      -8.298312630685116E-003 -3.641014392243767E-002
   2.23437500000000      -8.430926027794236E-003 -3.689223130685412E-002
   2.24218750000000      -8.525035534962025E-003 -3.735518427222031E-002
   2.25000000000000      -8.587651956470299E-003 -3.781207924007307E-002
   2.25781250000000      -8.621866249284930E-003 -3.827101667658220E-002
   2.26562500000000      -8.628439351480145E-003 -3.873774525416824E-002
   2.27343750000000      -8.606420371766413E-003 -3.921677365584837E-002
   2.28125000000000      -8.553358843533658E-003 -3.971191663915880E-002
   2.28906250000000      -8.465286147650903E-003 -4.022661666179442E-002
   2.29687500000000      -8.336490688507290E-003 -4.076423530134240E-002
   2.30468750000000      -8.158962726493940E-003 -4.132856782227006E-002
   2.31250000000000      -7.920966840435537E-003 -4.192527248555755E-002
   2.32031250000000      -7.602048791496897E-003 -4.256728097778521E-002
   2.32812500000000      -7.129082645012635E-003 -4.332160294840281E-002
   2.33593750000000      -6.278713288612400E-003 -4.377944672911138E-002
   2.34375000000000      -5.567087375057754E-003 -4.404082873394842E-002
   2.35156250000000      -4.896900343649777E-003 -4.423012488959340E-002
   2.35937500000000      -4.247239854661258E-003 -4.436401679193842E-002
   2.36718750000000      -3.609284580830455E-003 -4.444854401560841E-002
   2.37500000000000      -2.978723062168416E-003 -4.448578747426205E-002
   2.38281250000000      -2.353553459985967E-003 -4.447576415999574E-002
   2.39062500000000      -1.733240413261319E-003 -4.441712698797276E-002
   2.39843750000000      -1.118369880584165E-003 -4.430741704164335E-002
   2.40625000000000      -5.105472801897571E-004 -4.414307373854347E-002
   2.41406250000000       8.753477019466922E-005 -4.391923377528040E-002
   2.42187500000000       6.718409627858540E-004 -4.362922964238496E-002
   2.42968750000000       1.236417981096737E-003 -4.326348677640889E-002
   2.43750000000000       1.772063266366248E-003 -4.280686993581478E-002
   2.44531250000000       2.262487409364274E-003 -4.223057688866136E-002
   2.45312500000000       2.663928519525682E-003 -4.144571649223970E-002
   2.46093750000000       2.488200478959409E-003 -4.060489681934693E-002
   2.46875000000000       2.286049902186236E-003 -4.015701815795972E-002
   2.47656250000000       2.120372908603820E-003 -3.982039292858085E-002
   2.48437500000000       1.975137243299542E-003 -3.954941101567243E-002
   2.49218750000000       1.843517831654721E-003 -3.932435818516514E-002
   2.50000000000000       1.721671718298148E-003 -3.913423231563549E-002
   2.53125000000000       1.290205209588701E-003 -3.861265746610196E-002
   2.56250000000000       8.830143311719363E-004 -3.835407163221517E-002
   2.59375000000000       3.972107714177233E-004 -3.842495470184350E-002
   2.62500000000000       2.341310315041152E-004 -3.874849779999712E-002
   2.65625000000000       1.218867784547362E-004 -3.908388934716502E-002
   2.68750000000000      -3.576567043097408E-005 -3.954320784856957E-002
   2.71875000000000      -3.354683322662582E-004 -4.035250728649761E-002
   2.75000000000000       1.335211459369527E-004 -4.210782605776248E-002
   2.78125000000000       1.495735520937176E-003 -4.331553211502964E-002
   2.81250000000000       3.253467602242135E-003 -4.406238709646917E-002
   2.84375000000000       5.319949577434527E-003 -4.422090198668063E-002
   2.87500000000000       7.471110981886799E-003 -4.318457702034339E-002
   2.90625000000000       8.049978468698113E-003 -4.213337896548221E-002
   2.93750000000000       8.692619872059952E-003 -4.152801820692924E-002
   2.96875000000000       9.388214250173487E-003 -4.098749552314083E-002
   3.00000000000000       1.013852351735840E-002 -4.037145863851409E-002
   3.03125000000000       1.083719004015297E-002 -3.927560205338101E-002
   3.06250000000000       1.062615203098292E-002 -3.843238634738542E-002
   3.09375000000000       1.039399476504532E-002 -3.805085377151431E-002
   3.12500000000000       1.015428285706420E-002 -3.797534940208228E-002
   3.15625000000000       9.894295458941648E-003 -3.825487707351082E-002
   3.18750000000000       9.559204840704627E-003 -3.935729354252780E-002
   3.21875000000000       1.127439133108301E-002 -4.084101663121461E-002
   3.25000000000000       1.330283435443939E-002 -4.117887287340950E-002
   3.28125000000000       1.543900365740192E-002 -4.084113375942351E-002
   3.31250000000000       1.755527838779651E-002 -3.979895120985498E-002
   3.34375000000000       1.944061484692426E-002 -3.783479685767289E-002
   3.37500000000000       1.940788405281884E-002 -3.493341862744492E-002
   3.40625000000000       1.868668380466864E-002 -3.369148638907728E-002
   3.43750000000000       1.812691050336127E-002 -3.295625210989283E-002
   3.46875000000000       1.764858125890419E-002 -3.254565089757089E-002
   3.50000000000000       1.722881611686198E-002 -3.245585475504523E-002
   3.53125000000000       1.689210686324543E-002 -3.291040634319227E-002
   3.56250000000000       1.785650272022339E-002 -3.359495926041747E-002
   3.59375000000000       1.891156751763120E-002 -3.347989477933262E-002
   3.62500000000000       1.992392654426153E-002 -3.308117343366786E-002
   3.65625000000000       2.089521402046903E-002 -3.246030147437301E-002
   3.68750000000000       2.181005664492857E-002 -3.160470470672941E-002
   3.71875000000000       2.260303357658154E-002 -3.035797000346533E-002
   3.75000000000000       2.248174539093088E-002 -2.912682480975896E-002
   3.78125000000000       2.239733469923675E-002 -2.840385895659864E-002
   3.81250000000000       2.235093572020348E-002 -2.785458683690829E-002
   3.84375000000000       2.233342407747903E-002 -2.745313997573093E-002
   3.87500000000000       2.235623851377531E-002 -2.722622077409848E-002
   3.90625000000000       2.246655961391618E-002 -2.729785925620153E-002
   3.93750000000000       2.349300925565606E-002 -2.769873695258753E-002
   3.96875000000000       2.481669706169320E-002 -2.718761380264658E-002
   4.00000000000000       2.602446375130796E-002 -2.626830212564553E-002
   4.03125000000000       2.709422214814459E-002 -2.501976491501641E-002
   4.06250000000000       2.797351793259324E-002 -2.345290514779415E-002
   4.09375000000000       2.856637908812039E-002 -2.153150807738999E-002
   4.12500000000000       2.848797046473648E-002 -1.895821915604646E-002
   4.15625000000000       2.711884968620085E-002 -1.759870931366574E-002
   4.18750000000000       2.622520719621567E-002 -1.676036495574107E-002
   4.21875000000000       2.550040175360438E-002 -1.611034010262787E-002
   4.25000000000000       2.487956312319415E-002 -1.558146499316904E-002
   4.28125000000000       2.433587069304488E-002 -1.514828210961099E-002
   4.31250000000000       2.386114415882767E-002 -1.480598601974153E-002
   4.34375000000000       2.351134000897681E-002 -1.458918563604038E-002
   4.37500000000000       2.330548179944493E-002 -1.425744306184416E-002
   4.40625000000000       2.307335032077977E-002 -1.392003500653082E-002
   4.43750000000000       2.284709319116071E-002 -1.360940291895237E-002
   4.46875000000000       2.263979035829709E-002 -1.333667783820921E-002
   4.50000000000000       2.246540806768860E-002 -1.311232687812256E-002
   4.53125000000000       2.234774354495429E-002 -1.295431457228240E-002
   4.56250000000000       2.236138136403757E-002 -1.292429950882975E-002
   4.59375000000000       2.282415776867340E-002 -1.265035604100386E-002
   4.62500000000000       2.309901673914123E-002 -1.206828178487858E-002
   4.65625000000000       2.326452642399189E-002 -1.139724855623426E-002
   4.68750000000000       2.334210828035183E-002 -1.066179738795659E-002
   4.71875000000000       2.333336667995650E-002 -9.869010558277286E-003
   4.75000000000000       2.322678655768681E-002 -9.016427096099561E-003
   4.78125000000000       2.298641447120152E-002 -8.086451242614340E-003
   4.81250000000000       2.234505903708752E-002 -7.069862060270728E-003
   4.84375000000000       2.159274141549738E-002 -6.612234068185530E-003
   4.87500000000000       2.100066353792785E-002 -6.254176407500161E-003
   4.90625000000000       2.047609717105108E-002 -5.938986058202553E-003
   4.93750000000000       1.998889903368727E-002 -5.649638948771144E-003
   4.96875000000000       1.952117559644041E-002 -5.377250131402777E-003
   5.00000000000000       1.905701387410208E-002 -5.115211990915197E-003
   5.03125000000000       1.857280865391621E-002 -4.855135659766672E-003
   5.06250000000000       1.794910187636926E-002 -4.611698553738692E-003
   5.09375000000000       1.735572428749539E-002 -4.642483410727826E-003
   5.12500000000000       1.687782036258667E-002 -4.733111422275622E-003
   5.15625000000000       1.647782222709068E-002 -4.868070169324726E-003
   5.18750000000000       1.614996630089767E-002 -5.043282352531630E-003
   5.21875000000000       1.589792047893925E-002 -5.257999619540398E-003
   5.25000000000000       1.573395275451605E-002 -5.514465566581132E-003
   5.28125000000000       1.568675966859248E-002 -5.820811373024089E-003
   5.31250000000000       1.585305367766506E-002 -6.211031651290420E-003
   5.34375000000000       1.646403478512691E-002 -6.191572602159553E-003
   5.37500000000000       1.677726542817698E-002 -5.877070626620491E-003
   5.40625000000000       1.696486065849425E-002 -5.509805294087370E-003
   5.43750000000000       1.706904703195184E-002 -5.108313809010276E-003
   5.46875000000000       1.710454241883752E-002 -4.679638177929808E-003
   5.50000000000000       1.707493593727544E-002 -4.226292173083630E-003
   5.53125000000000       1.697486873916746E-002 -3.747380163328255E-003
   5.56250000000000       1.678366304146208E-002 -3.236509937444393E-003
   5.59375000000000       1.640249080168047E-002 -2.659559039676340E-003
   5.62500000000000       1.579215911905185E-002 -2.497326846510629E-003
   5.65625000000000       1.540071080936685E-002 -2.445705163873407E-003
   5.68750000000000       1.509056549729814E-002 -2.424215040395817E-003
   5.71875000000000       1.483688279099740E-002 -2.422884406329662E-003
   5.75000000000000       1.463062288706211E-002 -2.437428640270910E-003
   5.78125000000000       1.446960677585730E-002 -2.465797723328258E-003
   5.81250000000000       1.435716054998933E-002 -2.507345855765539E-003
   5.84375000000000       1.430522740436124E-002 -2.563059039617611E-003
   5.87500000000000       1.435549528521510E-002 -2.638726561434948E-003
   5.90625000000000       1.460036139830410E-002 -2.511998982945397E-003
   5.93750000000000       1.467582353653005E-002 -2.244743376362317E-003
   5.96875000000000       1.468394928470264E-002 -1.969672153390568E-003
   6.00000000000000       1.465139421308028E-002 -1.691461628493694E-003
   6.03125000000000       1.458865277564670E-002 -1.412097388904812E-003
   6.06250000000000       1.450097995708537E-002 -1.132719603967549E-003
   6.09375000000000       1.439107324360960E-002 -8.541217206300119E-004
   6.12500000000000       1.425985262048173E-002 -5.769827201707919E-004
   6.15625000000000       1.410605959302882E-002 -3.021042921895853E-004
   6.18750000000000       1.391970204913811E-002 -3.155207204744780E-005
   6.21875000000000       1.372144554663079E-002  1.881597675820579E-004
   6.25000000000000       1.353813357902832E-002  4.089750416271772E-004
   6.28125000000000       1.335112175157159E-002  6.315465288179195E-004
   6.31250000000000       1.315632020735556E-002  8.552752023246972E-004
   6.34375000000000       1.295102761147460E-002  1.079853622690593E-003
   6.37500000000000       1.273259563229124E-002  1.305089407322699E-003
   6.40625000000000       1.249770527172519E-002  1.530854822868985E-003
   6.43750000000000       1.224133931848452E-002  1.757073824018285E-003
   6.46875000000000       1.195408795835702E-002  1.983741889246390E-003
   6.50000000000000       1.160811593662585E-002  2.211097981210441E-003
   6.53125000000000       1.117533230179809E-002  2.295834811588322E-003
   6.56250000000000       1.085277127991822E-002  2.320287521577263E-003
   6.59375000000000       1.056802299330656E-002  2.343766501186139E-003
   6.62500000000000       1.030516711801316E-002  2.366509662918011E-003
   6.65625000000000       1.005724454726139E-002  2.388626691231897E-003
   6.68750000000000       9.820149635215337E-003  2.410187709023709E-003
   6.71875000000000       9.590976839008504E-003  2.431248333086739E-003
   6.75000000000000       9.367290042315549E-003  2.451862417030784E-003
   6.78125000000000       9.146555221030276E-003  2.472095486737843E-003
   6.81250000000000       8.925079394715757E-003  2.492057366987176E-003
   6.84375000000000       8.690137651427846E-003  2.512166300464815E-003
   6.87500000000000       8.456244659526187E-003  2.484219035985792E-003
   6.90625000000000       8.250946477885492E-003  2.453989261757275E-003
   6.93750000000000       8.059091126152747E-003  2.423132017835940E-003
   6.96875000000000       7.877452174997175E-003  2.391749212290467E-003
   7.00000000000000       7.704426419003210E-003  2.359883715868510E-003
   7.03125000000000       7.539060762707763E-003  2.327552282456763E-003
   7.06250000000000       7.380773856890208E-003  2.294752954030314E-003
   7.09375000000000       7.229275563682401E-003  2.261463022472577E-003
   7.12500000000000       7.084609428001671E-003  2.227626193597968E-003
   7.15625000000000       6.947429428203204E-003  2.193108960840193E-003
   7.18750000000000       6.820634256402849E-003  2.157459864336508E-003
   7.21875000000000       6.709664429455376E-003  2.137336352095539E-003
   7.25000000000000       6.589035852106011E-003  2.126348236441718E-003
   7.28125000000000       6.466097495937623E-003  2.116050123742589E-003
   7.31250000000000       6.342430297602526E-003  2.106160574644794E-003
   7.34375000000000       6.218524250611477E-003  2.096566678391162E-003
   7.37500000000000       6.094504493027666E-003  2.087212006324057E-003
   7.40625000000000       5.970312548644461E-003  2.078067253620404E-003
   7.43750000000000       5.845764771712982E-003  2.069119034004383E-003
   7.46875000000000       5.720561969987861E-003  2.060364591252638E-003
   7.50000000000000       5.594258434567560E-003  2.051808393437507E-003
   7.53125000000000       5.466138485357486E-003  2.043456969100747E-003
   7.56250000000000       5.334407345767019E-003  2.035287134461256E-003
   7.59375000000000       5.199482614067849E-003  2.020879342213493E-003
   7.62500000000000       5.066314867413589E-003  2.006064194517620E-003
   7.65625000000000       4.931357785280669E-003  1.991775038000061E-003
   7.68750000000000       4.792970378827417E-003  1.978105453528149E-003
   7.71875000000000       4.649348336295769E-003  1.965210258088338E-003
   7.75000000000000       4.498098094516581E-003  1.953326447154756E-003
   7.78125000000000       4.335721282927843E-003  1.942824205461251E-003
   7.81250000000000       4.156653636284012E-003  1.934314323360283E-003
   7.84375000000000       3.951109729842375E-003  1.928896413415304E-003
   7.87500000000000       3.699238009908626E-003  1.928840400536349E-003
   7.90625000000000       3.349826804668735E-003  1.940093831153335E-003
   7.93750000000000       2.672190946589542E-003  1.989960059109483E-003
   7.96875000000000       2.383102005642727E-003  8.357315308023623E-007
   8.00000000000000       3.075681019936051E-003  4.726164413620110E-007
   8.03125000000000       3.347506172964182E-003  3.495528275259982E-007
   8.06250000000000       3.503837912559105E-003  2.832072391632595E-007
   8.09375000000000       3.605413667947127E-003  2.408265984228452E-007
   8.12500000000000       3.675114998210294E-003  2.111005422764174E-007
   8.15625000000000       3.724065452801990E-003  1.889486062438476E-007
   8.18750000000000       3.758516672341785E-003  1.717175928078838E-007
   8.21875000000000       3.782331906350386E-003  1.578765786070628E-007
   8.25000000000000       3.798064490110019E-003  1.464766557462741E-007
   8.28125000000000       3.807488841561765E-003  1.368967447478890E-007
   8.31250000000000       3.811886981937095E-003  1.287125919140948E-007
   8.34375000000000       3.812214348564056E-003  1.216240858761250E-007
   8.37500000000000       3.809201201957743E-003  1.154127283265670E-007
   8.40625000000000       3.803417530589558E-003  1.099154798608120E-007
   8.43750000000000       3.795316122786776E-003  1.050081539238860E-007
   8.46875000000000       3.785262123570236E-003  1.005943442169312E-007
   8.50000000000000       3.773553825719121E-003  9.659808194107582E-008
   8.53125000000000       3.760437658241732E-003  9.295860847743985E-008
   8.56250000000000       3.746119200519459E-003  8.962670830423545E-008
   8.59375000000000       3.730771464468128E-003  8.656208323820847E-008
   8.62500000000000       3.714541136717508E-003  8.373140206805309E-008
   8.65625000000000       3.697553449174817E-003  8.110680421989533E-008
   8.68750000000000       3.679915974269865E-003  7.866485917053430E-008
   8.71875000000000       3.661721585640640E-003  7.638564735205564E-008
   8.75000000000000       3.643050897263060E-003  7.425217131959200E-008
   8.78125000000000       3.623974147380648E-003  7.224977789445532E-008
   8.81250000000000       3.604552814329058E-003  7.036581573714945E-008
   8.84375000000000       3.584840857074678E-003  6.858925137758414E-008
   8.87500000000000       3.564885831175745E-003  6.691045089261745E-008
   8.90625000000000       3.544729730981072E-003  6.532092533407787E-008
   8.93750000000000       3.524409759870038E-003  6.381318790078799E-008
   8.96875000000000       3.503958943601405E-003  6.238060206273144E-008
   9.00000000000000       3.483406657908220E-003  6.101726493086367E-008
   9.03125000000000       3.462779088188864E-003  5.971786603689236E-008
   9.06250000000000       3.442099603404939E-003  5.847769265358621E-008
   9.09375000000000       3.421389090119835E-003  5.729248480712215E-008
   9.12500000000000       3.400666250790239E-003  5.615838953309133E-008
   9.15625000000000       3.379947833274089E-003  5.507192006927068E-008
   9.18750000000000       3.359248850650839E-003  5.402991513765135E-008
   9.21875000000000       3.338582781787561E-003  5.302951774412563E-008
   9.25000000000000       3.317961715280391E-003  5.206808879147369E-008
   9.28125000000000       3.297396502317746E-003  5.114324645486240E-008
   9.31250000000000       3.276896892342591E-003  5.025277781887363E-008
   9.34375000000000       3.256471630706410E-003  4.939467712510080E-008
   9.37500000000000       3.236128571122264E-003  4.856708440938910E-008
   9.40625000000000       3.215874741850820E-003  4.776827922378315E-008
   9.43750000000000       3.195716453149119E-003  4.699669960629742E-008
   9.46875000000000       3.175659349274947E-003  4.625087742501433E-008
   9.50000000000000       3.155708474870165E-003  4.552943606810344E-008
   9.53125000000000       3.135868319019479E-003  4.483113991911753E-008
   9.56250000000000       3.116142886623042E-003  4.415481169183535E-008
   9.59375000000000       3.096535737914423E-003  4.349936355216977E-008
   9.62500000000000       3.077050010101172E-003  4.286378533247681E-008
   9.65625000000000       3.057688481024901E-003  4.224710889846520E-008
   9.68750000000000       3.038453574496597E-003  4.164846318998683E-008
   9.71875000000000       3.019347418348192E-003  4.106701182002466E-008
   9.75000000000000       3.000371853950402E-003  4.050198639373657E-008
   9.78125000000000       2.981528457673727E-003  3.995264302874988E-008
   9.81250000000000       2.962818573470467E-003  3.941830753003046E-008
   9.84375000000000       2.944243334357236E-003  3.889832569279960E-008
   9.87500000000000       2.925803676691195E-003  3.839208930214250E-008
   9.90625000000000       2.907500341801188E-003  3.789903628848289E-008
   9.93750000000000       2.889333920367588E-003  3.741863116048499E-008
   9.96875000000000       2.871304846302557E-003  3.695034531298080E-008
   10.0000000000000       2.853413416010024E-003  3.649370580675730E-008
   11.0000000000000       2.594012196372749E-003  0.000000000000000E+000
   12.0000000000000       2.377844513341687E-003  0.000000000000000E+000
   13.0000000000000       2.194933396930788E-003  0.000000000000000E+000
   14.0000000000000       2.038152440007160E-003  0.000000000000000E+000
   15.0000000000000       1.902275610673349E-003  0.000000000000000E+000
   16.0000000000000       1.783383385006265E-003  0.000000000000000E+000
   17.0000000000000       1.678478480005897E-003  0.000000000000000E+000
   18.0000000000000       1.585229675561124E-003  0.000000000000000E+000
   19.0000000000000       1.501796534742118E-003  0.000000000000000E+000
   20.0000000000000       1.426706708005012E-003  0.000000000000000E+000
   21.0000000000000       1.358768293338107E-003  0.000000000000000E+000
   22.0000000000000       1.297006098186375E-003  0.000000000000000E+000
   23.0000000000000       1.240614528700011E-003  0.000000000000000E+000
   24.0000000000000       1.188922256670843E-003  0.000000000000000E+000
   25.0000000000000       1.141365366404010E-003  0.000000000000000E+000
   26.0000000000000       1.097466698465394E-003  0.000000000000000E+000
   27.0000000000000       1.056819783707416E-003  0.000000000000000E+000
   28.0000000000000       1.019076220003580E-003  0.000000000000000E+000
   29.0000000000000       9.839356606931118E-004  0.000000000000000E+000
   30.0000000000000       9.511378053366747E-004  0.000000000000000E+000
   31.0000000000000       9.204559406483949E-004  0.000000000000000E+000
   32.0000000000000       8.916916925031325E-004  0.000000000000000E+000
   33.0000000000000       8.646707321242498E-004  0.000000000000000E+000
   34.0000000000000       8.392392400029483E-004  0.000000000000000E+000
   35.0000000000000       8.152609760028641E-004  0.000000000000000E+000
   36.0000000000000       7.926148377805622E-004  0.000000000000000E+000
   37.0000000000000       7.711928151378443E-004  0.000000000000000E+000
   38.0000000000000       7.508982673710589E-004  0.000000000000000E+000
   39.0000000000000       7.316444656435959E-004  0.000000000000000E+000
   40.0000000000000       7.133533540025060E-004  0.000000000000000E+000
   41.0000000000000       6.959544917097620E-004  0.000000000000000E+000
   42.0000000000000       6.793841466690533E-004  0.000000000000000E+000
   43.0000000000000       6.635845153511684E-004  0.000000000000000E+000
   44.0000000000000       6.485030490931873E-004  0.000000000000000E+000
   45.0000000000000       6.340918702244498E-004  0.000000000000000E+000
   46.0000000000000       6.203072643500053E-004  0.000000000000000E+000
   47.0000000000000       6.071092374489413E-004  0.000000000000000E+000
   48.0000000000000       5.944611283354217E-004  0.000000000000000E+000
   49.0000000000000       5.823292685734744E-004  0.000000000000000E+000
   50.0000000000000       5.706826832020048E-004  0.000000000000000E+000
   51.0000000000000       5.594928266686322E-004  0.000000000000000E+000
   52.0000000000000       5.487333492326969E-004  0.000000000000000E+000
   53.0000000000000       5.383798898132121E-004  0.000000000000000E+000
   54.0000000000000       5.284098918537082E-004  0.000000000000000E+000
   55.0000000000000       5.188024392745499E-004  0.000000000000000E+000
   56.0000000000000       5.095381100017900E-004  0.000000000000000E+000
   57.0000000000000       5.005988449140393E-004  0.000000000000000E+000
   58.0000000000000       4.919678303465559E-004  0.000000000000000E+000
   59.0000000000000       4.836293925440719E-004  0.000000000000000E+000
   60.0000000000000       4.755689026683374E-004  0.000000000000000E+000
   61.0000000000000       4.677726911491843E-004  0.000000000000000E+000
   62.0000000000000       4.602279703241975E-004  0.000000000000000E+000
   63.0000000000000       4.529227644460356E-004  0.000000000000000E+000
   64.0000000000000       4.458458462515663E-004  0.000000000000000E+000
   65.0000000000000       4.389866793861576E-004  0.000000000000000E+000
   66.0000000000000       4.323353660621249E-004  0.000000000000000E+000
   67.0000000000000       4.258825994044812E-004  0.000000000000000E+000
   68.0000000000000       4.196196200014741E-004  0.000000000000000E+000
   69.0000000000000       4.135381762333368E-004  0.000000000000000E+000
   70.0000000000000       4.076304880014320E-004  0.000000000000000E+000
   71.0000000000000       4.018892135225386E-004  0.000000000000000E+000
   72.0000000000000       3.963074188902811E-004  0.000000000000000E+000
   73.0000000000000       3.908785501383594E-004  0.000000000000000E+000
   74.0000000000000       3.855964075689222E-004  0.000000000000000E+000
   75.0000000000000       3.804551221346699E-004  0.000000000000000E+000
   76.0000000000000       3.754491336855295E-004  0.000000000000000E+000
   77.0000000000000       3.705731709103927E-004  0.000000000000000E+000
   78.0000000000000       3.658222328217979E-004  0.000000000000000E+000
   79.0000000000000       3.611915716468385E-004  0.000000000000000E+000
   80.0000000000000       3.566766770012530E-004  0.000000000000000E+000
   81.0000000000000       3.522732612358055E-004  0.000000000000000E+000
   82.0000000000000       3.479772458548810E-004  0.000000000000000E+000
   83.0000000000000       3.437847489168704E-004  0.000000000000000E+000
   84.0000000000000       3.396920733345267E-004  0.000000000000000E+000
   85.0000000000000       3.356956960011793E-004  0.000000000000000E+000
   86.0000000000000       3.317922576755842E-004  0.000000000000000E+000
   87.0000000000000       3.279785535643706E-004  0.000000000000000E+000
   88.0000000000000       3.242515245465937E-004  0.000000000000000E+000
   89.0000000000000       3.206082489898903E-004  0.000000000000000E+000
   90.0000000000000       3.170459351122249E-004  0.000000000000000E+000
   91.0000000000000       3.135619138472554E-004  0.000000000000000E+000
   92.0000000000000       3.101536321750026E-004  0.000000000000000E+000
   93.0000000000000       3.068186468827983E-004  0.000000000000000E+000
   94.0000000000000       3.035546187244706E-004  0.000000000000000E+000
   95.0000000000000       3.003593069484236E-004  0.000000000000000E+000
   96.0000000000000       2.972305641677109E-004  0.000000000000000E+000
   97.0000000000000       2.941663315474251E-004  0.000000000000000E+000
   98.0000000000000       2.911646342867372E-004  0.000000000000000E+000
   99.0000000000000       2.882235773747499E-004  0.000000000000000E+000
   100.000000000000       2.853413416010024E-004  0.000000000000000E+000
   101.000000000000       2.825161798029727E-004  0.000000000000000E+000
   102.000000000000       2.797464133343161E-004  0.000000000000000E+000
   103.000000000000       2.770304287388373E-004  0.000000000000000E+000
   104.000000000000       2.743666746163485E-004  0.000000000000000E+000
   105.000000000000       2.717536586676213E-004  0.000000000000000E+000
   106.000000000000       2.691899449066061E-004  0.000000000000000E+000
   107.000000000000       2.666741510289742E-004  0.000000000000000E+000
   108.000000000000       2.642049459268541E-004  0.000000000000000E+000
   109.000000000000       2.617810473403692E-004  0.000000000000000E+000
   110.000000000000       2.594012196372749E-004  0.000000000000000E+000
   111.000000000000       2.570642717126148E-004  0.000000000000000E+000
   112.000000000000       2.547690550008950E-004  0.000000000000000E+000
   113.000000000000       2.525144615938075E-004  0.000000000000000E+000
   114.000000000000       2.502994224570197E-004  0.000000000000000E+000
   115.000000000000       2.481229057400021E-004  0.000000000000000E+000
   116.000000000000       2.459839151732779E-004  0.000000000000000E+000
   117.000000000000       2.438814885478653E-004  0.000000000000000E+000
   118.000000000000       2.418146962720359E-004  0.000000000000000E+000
   119.000000000000       2.397826400008424E-004  0.000000000000000E+000
   120.000000000000       2.377844513341687E-004  0.000000000000000E+000
   121.000000000000       2.358192905793408E-004  0.000000000000000E+000
   122.000000000000       2.338863455745922E-004  0.000000000000000E+000
   123.000000000000       2.319848305699207E-004  0.000000000000000E+000
   124.000000000000       2.301139851620987E-004  0.000000000000000E+000
   125.000000000000       2.282730732808019E-004  0.000000000000000E+000
   126.000000000000       2.264613822230178E-004  0.000000000000000E+000
   127.000000000000       2.246782217330728E-004  0.000000000000000E+000
   128.000000000000       2.229229231257831E-004  0.000000000000000E+000
   129.000000000000       2.211948384503895E-004  0.000000000000000E+000
   130.000000000000       2.194933396930788E-004  0.000000000000000E+000
   131.000000000000       2.178178180160324E-004  0.000000000000000E+000
   132.000000000000       2.161676830310624E-004  0.000000000000000E+000
   133.000000000000       2.145423621060168E-004  0.000000000000000E+000
   134.000000000000       2.129412997022406E-004  0.000000000000000E+000
   135.000000000000       2.113639567414833E-004  0.000000000000000E+000
   136.000000000000       2.098098100007371E-004  0.000000000000000E+000
   137.000000000000       2.082783515335784E-004  0.000000000000000E+000
   138.000000000000       2.067690881166684E-004  0.000000000000000E+000
   139.000000000000       2.052815407201456E-004  0.000000000000000E+000
   140.000000000000       2.038152440007160E-004  0.000000000000000E+000
   141.000000000000       2.023697458163138E-004  0.000000000000000E+000
   142.000000000000       2.009446067612693E-004  0.000000000000000E+000
   143.000000000000       1.995393997209807E-004  0.000000000000000E+000
   144.000000000000       1.981537094451406E-004  0.000000000000000E+000
   145.000000000000       1.967871321386224E-004  0.000000000000000E+000
   146.000000000000       1.954392750691797E-004  0.000000000000000E+000
   147.000000000000       1.941097561911581E-004  0.000000000000000E+000
   148.000000000000       1.927982037844611E-004  0.000000000000000E+000
   149.000000000000       1.915042561080553E-004  0.000000000000000E+000
   150.000000000000       1.902275610673349E-004  0.000000000000000E+000
   151.000000000000       1.889677758947036E-004  0.000000000000000E+000
   152.000000000000       1.877245668427647E-004  0.000000000000000E+000
   153.000000000000       1.864976088895441E-004  0.000000000000000E+000
   154.000000000000       1.852865854551964E-004  0.000000000000000E+000
   155.000000000000       1.840911881296790E-004  0.000000000000000E+000
   156.000000000000       1.829111164108990E-004  0.000000000000000E+000
   157.000000000000       1.817460774528678E-004  0.000000000000000E+000
   158.000000000000       1.805957858234192E-004  0.000000000000000E+000
   159.000000000000       1.794599632710707E-004  0.000000000000000E+000
   160.000000000000       1.783383385006265E-004  0.000000000000000E+000
   161.000000000000       1.772306469571444E-004  0.000000000000000E+000
   162.000000000000       1.761366306179027E-004  0.000000000000000E+000
   163.000000000000       1.750560377920260E-004  0.000000000000000E+000
   164.000000000000       1.739886229274405E-004  0.000000000000000E+000
   165.000000000000       1.729341464248499E-004  0.000000000000000E+000
   166.000000000000       1.718923744584352E-004  0.000000000000000E+000
   167.000000000000       1.708630788029955E-004  0.000000000000000E+000
   168.000000000000       1.698460366672633E-004  0.000000000000000E+000
   169.000000000000       1.688410305331375E-004  0.000000000000000E+000
   170.000000000000       1.678478480005897E-004  0.000000000000000E+000
   171.000000000000       1.668662816380131E-004  0.000000000000000E+000
   172.000000000000       1.658961288377921E-004  0.000000000000000E+000
   173.000000000000       1.649371916768800E-004  0.000000000000000E+000
   174.000000000000       1.639892767821853E-004  0.000000000000000E+000
   175.000000000000       1.630521952005728E-004  0.000000000000000E+000
   176.000000000000       1.621257622732968E-004  0.000000000000000E+000
   177.000000000000       1.612097975146906E-004  0.000000000000000E+000
   178.000000000000       1.603041244949452E-004  0.000000000000000E+000
   179.000000000000       1.594085707268170E-004  0.000000000000000E+000
   180.000000000000       1.585229675561125E-004  0.000000000000000E+000
   181.000000000000       1.576471500558024E-004  0.000000000000000E+000
   182.000000000000       1.567809569236277E-004  0.000000000000000E+000
   183.000000000000       1.559242303830614E-004  0.000000000000000E+000
   184.000000000000       1.550768160875013E-004  0.000000000000000E+000
   185.000000000000       1.542385630275689E-004  0.000000000000000E+000
   186.000000000000       1.534093234413991E-004  0.000000000000000E+000
   187.000000000000       1.525889527278088E-004  0.000000000000000E+000
   188.000000000000       1.517773093622353E-004  0.000000000000000E+000
   189.000000000000       1.509742548153452E-004  0.000000000000000E+000
   190.000000000000       1.501796534742118E-004  0.000000000000000E+000
   191.000000000000       1.493933725659699E-004  0.000000000000000E+000
   192.000000000000       1.486152820838554E-004  0.000000000000000E+000
   193.000000000000       1.478452547155453E-004  0.000000000000000E+000
   194.000000000000       1.470831657737126E-004  0.000000000000000E+000
   195.000000000000       1.463288931287192E-004  0.000000000000000E+000
   196.000000000000       1.455823171433686E-004  0.000000000000000E+000
   197.000000000000       1.448433206096459E-004  0.000000000000000E+000
   198.000000000000       1.441117886873749E-004  0.000000000000000E+000
   199.000000000000       1.433876088447248E-004  0.000000000000000E+000
   200.000000000000       1.426706708005012E-004  0.000000000000000E+000
   201.000000000000       1.419608664681604E-004  0.000000000000000E+000
   202.000000000000       1.412580899014864E-004  0.000000000000000E+000
   203.000000000000       1.405622372418731E-004  0.000000000000000E+000
   204.000000000000       1.398732066671580E-004  0.000000000000000E+000
   205.000000000000       1.391908983419524E-004  0.000000000000000E+000
   206.000000000000       1.385152143694186E-004  0.000000000000000E+000
   207.000000000000       1.378460587444456E-004  0.000000000000000E+000
   208.000000000000       1.371833373081742E-004  0.000000000000000E+000
   209.000000000000       1.365269577038289E-004  0.000000000000000E+000
   210.000000000000       1.358768293338107E-004  0.000000000000000E+000
   211.000000000000       1.352328633180106E-004  0.000000000000000E+000
   212.000000000000       1.345949724533030E-004  0.000000000000000E+000
   213.000000000000       1.339630711741795E-004  0.000000000000000E+000
   214.000000000000       1.333370755144871E-004  0.000000000000000E+000
   215.000000000000       1.327169030702337E-004  0.000000000000000E+000
   216.000000000000       1.321024729634270E-004  0.000000000000000E+000
   217.000000000000       1.314937058069136E-004  0.000000000000000E+000
   218.000000000000       1.308905236701846E-004  0.000000000000000E+000
   219.000000000000       1.302928500461198E-004  0.000000000000000E+000
   220.000000000000       1.297006098186375E-004  0.000000000000000E+000
   221.000000000000       1.291137292312228E-004  0.000000000000000E+000
   222.000000000000       1.285321358563074E-004  0.000000000000000E+000
   223.000000000000       1.279557585654719E-004  0.000000000000000E+000
   224.000000000000       1.273845275004475E-004  0.000000000000000E+000
   225.000000000000       1.268183740448900E-004  0.000000000000000E+000
   226.000000000000       1.262572307969037E-004  0.000000000000000E+000
   227.000000000000       1.257010315422918E-004  0.000000000000000E+000
   228.000000000000       1.251497112285098E-004  0.000000000000000E+000
   229.000000000000       1.246032059393024E-004  0.000000000000000E+000
   230.000000000000       1.240614528700010E-004  0.000000000000000E+000
   231.000000000000       1.235243903034642E-004  0.000000000000000E+000
   232.000000000000       1.229919575866390E-004  0.000000000000000E+000
   233.000000000000       1.224640951077264E-004  0.000000000000000E+000
   234.000000000000       1.219407442739327E-004  0.000000000000000E+000
   235.000000000000       1.214218474897883E-004  0.000000000000000E+000
   236.000000000000       1.209073481360180E-004  0.000000000000000E+000
   237.000000000000       1.203971905489462E-004  0.000000000000000E+000
   238.000000000000       1.198913200004212E-004  0.000000000000000E+000
   239.000000000000       1.193896826782437E-004  0.000000000000000E+000
   240.000000000000       1.188922256670843E-004  0.000000000000000E+000
   241.000000000000       1.183988969298765E-004  0.000000000000000E+000
   242.000000000000       1.179096452896704E-004  0.000000000000000E+000
   243.000000000000       1.174244204119351E-004  0.000000000000000E+000
   244.000000000000       1.169431727872961E-004  0.000000000000000E+000
   245.000000000000       1.164658537146949E-004  0.000000000000000E+000
   246.000000000000       1.159924152849603E-004  0.000000000000000E+000
   247.000000000000       1.155228103647783E-004  0.000000000000000E+000
   248.000000000000       1.150569925810494E-004  0.000000000000000E+000
   249.000000000000       1.145949163056235E-004  0.000000000000000E+000
   250.000000000000       1.141365366404010E-004  0.000000000000000E+000
   251.000000000000       1.136818094027898E-004  0.000000000000000E+000
   252.000000000000       1.132306911115089E-004  0.000000000000000E+000
   253.000000000000       1.127831389727282E-004  0.000000000000000E+000
   254.000000000000       1.123391108665364E-004  0.000000000000000E+000
   255.000000000000       1.118985653337264E-004  0.000000000000000E+000
   256.000000000000       1.114614615628916E-004  0.000000000000000E+000
   257.000000000000       1.110277593778220E-004  0.000000000000000E+000
   258.000000000000       1.105974192251947E-004  0.000000000000000E+000
   259.000000000000       1.101704021625492E-004  0.000000000000000E+000
   260.000000000000       1.097466698465394E-004  0.000000000000000E+000
   261.000000000000       1.093261845214569E-004  0.000000000000000E+000
   262.000000000000       1.089089090080162E-004  0.000000000000000E+000
   263.000000000000       1.084948066923963E-004  0.000000000000000E+000
   264.000000000000       1.080838415155312E-004  0.000000000000000E+000
   265.000000000000       1.076759779626424E-004  0.000000000000000E+000
   266.000000000000       1.072711810530084E-004  0.000000000000000E+000
   267.000000000000       1.068694163299634E-004  0.000000000000000E+000
   268.000000000000       1.064706498511203E-004  0.000000000000000E+000
   269.000000000000       1.060748481788113E-004  0.000000000000000E+000
   270.000000000000       1.056819783707416E-004  0.000000000000000E+000
   271.000000000000       1.052920079708496E-004  0.000000000000000E+000
   272.000000000000       1.049049050003685E-004  0.000000000000000E+000
   273.000000000000       1.045206379490851E-004  0.000000000000000E+000
   274.000000000000       1.041391757667892E-004  0.000000000000000E+000
   275.000000000000       1.037604878549100E-004  0.000000000000000E+000
   276.000000000000       1.033845440583342E-004  0.000000000000000E+000
   277.000000000000       1.030113146574016E-004  0.000000000000000E+000
   278.000000000000       1.026407703600728E-004  0.000000000000000E+000
   279.000000000000       1.022728822942661E-004  0.000000000000000E+000
   280.000000000000       1.019076220003580E-004  0.000000000000000E+000
   281.000000000000       1.015449614238443E-004  0.000000000000000E+000
   282.000000000000       1.011848729081569E-004  0.000000000000000E+000
   283.000000000000       1.008273291876334E-004  0.000000000000000E+000
   284.000000000000       1.004723033806347E-004  0.000000000000000E+000
   285.000000000000       1.001197689828079E-004  0.000000000000000E+000
   286.000000000000       9.976969986049035E-005  0.000000000000000E+000
   287.000000000000       9.942207024425171E-005  0.000000000000000E+000
   288.000000000000       9.907685472257028E-005  0.000000000000000E+000
   289.000000000000       9.873402823564098E-005  0.000000000000000E+000
   290.000000000000       9.839356606931118E-005  0.000000000000000E+000
   291.000000000000       9.805544384914172E-005  0.000000000000000E+000
   292.000000000000       9.771963753458986E-005  0.000000000000000E+000
   293.000000000000       9.738612341331141E-005  0.000000000000000E+000
   294.000000000000       9.705487809557905E-005  0.000000000000000E+000
   295.000000000000       9.672587850881438E-005  0.000000000000000E+000
   296.000000000000       9.639910189223054E-005  0.000000000000000E+000
   297.000000000000       9.607452579158330E-005  0.000000000000000E+000
   298.000000000000       9.575212805402766E-005  0.000000000000000E+000
   299.000000000000       9.543188682307773E-005  0.000000000000000E+000
   300.000000000000       9.511378053366747E-005  0.000000000000000E+000
   301.000000000000       9.479778790730977E-005  0.000000000000000E+000
   302.000000000000       9.448388794735179E-005  0.000000000000000E+000
   303.000000000000       9.417205993432423E-005  0.000000000000000E+000
   304.000000000000       9.386228342138237E-005  0.000000000000000E+000
   305.000000000000       9.355453822983686E-005  0.000000000000000E+000
   306.000000000000       9.324880444477203E-005  0.000000000000000E+000
   307.000000000000       9.294506241074997E-005  0.000000000000000E+000
   308.000000000000       9.264329272759818E-005  0.000000000000000E+000
   309.000000000000       9.234347624627910E-005  0.000000000000000E+000
   310.000000000000       9.204559406483949E-005  0.000000000000000E+000
