  0.000000000000000E+000 -0.288573619289084       9.683748778822714E-007
  7.812500000000000E-003 -0.289151953881831      -1.221404043109017E-003
  1.562500000000000E-002 -0.290374663176789      -3.861319347549503E-003
  2.343750000000000E-002 -0.290192038853486      -6.707149451661503E-003
  3.125000000000000E-002 -0.291318484209741      -9.988347336054261E-003
  3.906250000000000E-002 -0.289525677785085      -1.667770303921979E-002
  4.687500000000000E-002 -0.282578856260957      -1.545297616548297E-002
  5.468750000000000E-002 -0.282754288052057      -1.358422447954066E-002
  6.250000000000000E-002 -0.284225551291965      -1.375184730189382E-002
  7.031250000000000E-002 -0.285541745687790      -1.463062372337637E-002
  7.812500000000000E-002 -0.286717990839336      -1.661348980362438E-002
  8.593750000000000E-002 -0.286595147601221      -1.833870027018594E-002
  9.375000000000000E-002 -0.286853148849654      -1.990158454580174E-002
  0.101562500000000      -0.287138879507070      -2.074213999529497E-002
  0.109375000000000      -0.287603127599185      -2.212545441127792E-002
  0.117187500000000      -0.287964189888111      -2.218885476267251E-002
  0.125000000000000      -0.289296641380136      -2.233203127646869E-002
  0.132812500000000      -0.291600411504363      -2.218638053028932E-002
  0.140625000000000      -0.295280754567054      -2.235053609868322E-002
  0.148437500000000      -0.299811917163834      -2.432102022634277E-002
  0.156250000000000      -0.305011430402426      -2.710726620611900E-002
  0.164062500000000      -0.308713939277182      -3.236417240034935E-002
  0.171875000000000      -0.312784323969393      -3.650095495510722E-002
  0.179687500000000      -0.316994420228865      -4.308671339798201E-002
  0.187500000000000      -0.320492425557414      -4.947763110224180E-002
  0.195312500000000      -0.325066518397925      -5.753083649769752E-002
  0.203125000000000      -0.328353831703308      -6.755741880509956E-002
  0.210937500000000      -0.334750103699495      -8.159969294410246E-002
  0.218750000000000      -0.330022111839736      -0.114796499704130     
  0.226562500000000      -0.301405424130600      -0.130783557259801     
  0.234375000000000      -0.272778220906374      -0.129153605707740     
  0.242187500000000      -0.254820885765613      -0.113744545807763     
  0.250000000000000      -0.248503334405951      -9.915191725521370E-002
  0.257812500000000      -0.249608120828769      -8.616895455962313E-002
  0.265625000000000      -0.253146473606938      -8.326730587963589E-002
  0.273437500000000      -0.251068588900322      -8.055536198346645E-002
  0.281250000000000      -0.245627492043120      -7.233817754576399E-002
  0.289062500000000      -0.253738188278136      -5.955881992150659E-002
  0.296875000000000      -0.263102416424318      -5.458086893374255E-002
  0.304687500000000      -0.273943697717482      -5.189188052997594E-002
  0.312500000000000      -0.283139764269237      -5.692789705910675E-002
  0.320312500000000      -0.288403482134739      -6.067298221525927E-002
  0.328125000000000      -0.292749647987012      -6.358775154120336E-002
  0.335937500000000      -0.299011754231645      -6.524858607601208E-002
  0.343750000000000      -0.306879018063805      -6.983746329875294E-002
  0.351562500000000      -0.315388374948662      -7.844590669012889E-002
  0.359375000000000      -0.315433671794718      -9.647268727951870E-002
  0.367187500000000      -0.307497092585751      -0.101829642430796     
  0.375000000000000      -0.302573226519238      -0.103360066460384     
  0.382812500000000      -0.299033196320959      -0.101920057445391     
  0.390625000000000      -0.302501890058558      -9.774522733880735E-002
  0.398437500000000      -0.308338514345736      -9.863886243640653E-002
  0.406250000000000      -0.314594235814813      -0.102370663910186     
  0.414062500000000      -0.319875658582136      -0.110790763708424     
  0.421875000000000      -0.318005312279647      -0.117031301959793     
  0.429687500000000      -0.317732682123330      -0.120977851317704     
  0.437500000000000      -0.317415126932073      -0.124469407396733     
  0.445312500000000      -0.315367931521460      -0.125982676449181     
  0.453125000000000      -0.318295218677862      -0.124364739730672     
  0.460937500000000      -0.323123238941166      -0.124542388485914     
  0.468750000000000      -0.329532260779065      -0.125665636165840     
  0.476562500000000      -0.338244595196188      -0.128594288260232     
  0.484375000000000      -0.345215707622935      -0.134405867452891     
  0.492187500000000      -0.353478062237333      -0.139273158085713     
  0.500000000000000      -0.364675605556025      -0.145699266572229     
  0.507812500000000      -0.380210066294772      -0.157708248358683     
  0.515625000000000      -0.385585751896951      -0.184397684434278     
  0.523437500000000      -0.381874960603618      -0.200461151631368     
  0.531250000000000      -0.379203931425524      -0.212907719987877     
  0.539062500000000      -0.377894322330502      -0.224002091709310     
  0.546875000000000      -0.377848418830013      -0.235692900041958     
  0.554687500000000      -0.377836485018502      -0.247380724346500     
  0.562500000000000      -0.379132968284522      -0.260456173281208     
  0.570312500000000      -0.380961899176560      -0.276350166921219     
  0.578125000000000      -0.382039526707227      -0.297073097645837     
  0.585937500000000      -0.373585015613874      -0.326920214814232     
  0.593750000000000      -0.353990556627726      -0.344212611105572     
  0.601562500000000      -0.336380828655368      -0.355707992484646     
  0.609375000000000      -0.320001558606492      -0.364072893084334     
  0.617187500000000      -0.304541686652043      -0.370113328287873     
  0.625000000000000      -0.289856318180729      -0.373483355985793     
  0.632812500000000      -0.277956048446833      -0.375056739427771     
  0.640625000000000      -0.267722294983040      -0.376198887419801     
  0.648437500000000      -0.258836320388719      -0.376683203663979     
  0.656250000000000      -0.251553710063668      -0.375930038534244     
  0.664062500000000      -0.248737044386594      -0.371795989973999     
  0.671875000000000      -0.253905939999466      -0.378078356364126     
  0.679687500000000      -0.254043730678196      -0.388293774914307     
  0.687500000000000      -0.252034446432465      -0.400670514524054     
  0.695312500000000      -0.247663868371704      -0.415238432383197     
  0.703125000000000      -0.239485559186462      -0.432038833684410     
  0.710937500000000      -0.223852888233790      -0.445937428886236     
  0.718750000000000      -0.211000301077954      -0.455631980106986     
  0.726562500000000      -0.198258413410734      -0.466287692108599     
  0.734375000000000      -0.184132261623136      -0.477896981254038     
  0.742187500000000      -0.167197949320941      -0.490234636687251     
  0.750000000000000      -0.144769350562872      -0.502097209849557     
  0.757812500000000      -0.118623868530980      -0.501766578788172     
  0.765625000000000      -0.101903554849666      -0.501013282224062     
  0.773437500000000      -8.638639213662438E-002 -0.502822948075107     
  0.781250000000000      -7.007590902718486E-002 -0.506685827917649     
  0.789062500000000      -5.104212327917500E-002 -0.512274765123839     
  0.796875000000000      -2.568959379913591E-002 -0.518433198349644     
  0.804687500000000       8.049107952196915E-003 -0.510082765692110     
  0.812500000000000       2.767394713028126E-002 -0.496800358084629     
  0.820312500000000       4.402819169991495E-002 -0.486384673512650     
  0.828125000000000       5.991825315004416E-002 -0.477552055747951     
  0.835937500000000       7.671084256505403E-002 -0.468999641627670     
  0.843750000000000       9.506554647467746E-002 -0.458873735872453     
  0.851562500000000       0.113919749494416      -0.443037407080448     
  0.859375000000000       0.125040572601261      -0.425981294631629     
  0.867187500000000       0.134740041582771      -0.410986229864355     
  0.875000000000000       0.143670386911170      -0.396563410210589     
  0.882812500000000       0.151920664549512      -0.382137363149536     
  0.890625000000000       0.159391726261299      -0.367283824837294     
  0.898437500000000       0.165781548021857      -0.351461128157602     
  0.906250000000000       0.168213658889785      -0.333794068769019     
  0.914062500000000       0.167738363697178      -0.320595261358824     
  0.921875000000000       0.167657159348715      -0.309298985767146     
  0.929687500000000       0.167767964273409      -0.299027786559142     
  0.937500000000000       0.167925216207998      -0.289418381556922     
  0.945312500000000       0.167954321872354      -0.280281915891723     
  0.953125000000000       0.167549709939434      -0.271573927290194     
  0.960937500000000       0.166152901704135      -0.264537439018805     
  0.968750000000000       0.166643808677337      -0.258712059553887     
  0.976562500000000       0.167793499887684      -0.252662591917451     
  0.984375000000000       0.169321264303157      -0.246459209428229     
  0.992187500000000       0.171121383762185      -0.240049225917610     
   1.00000000000000       0.173110986803405      -0.233322591309136     
   1.00781250000000       0.175170099063113      -0.226092490093349     
   1.01562500000000       0.176984286196239      -0.217879131385222     
   1.02343750000000       0.176682290839335      -0.209925959617249     
   1.03125000000000       0.176675660985445      -0.203068893189279     
   1.03906250000000       0.176881466576259      -0.196418849694903     
   1.04687500000000       0.177193891192967      -0.189766131568565     
   1.05468750000000       0.177512100031057      -0.182981635133371     
   1.06250000000000       0.177710584884992      -0.175952599565222     
   1.07031250000000       0.177577652364372      -0.168531911575209     
   1.07812500000000       0.176035221924549      -0.160449245485067     
   1.08593750000000       0.173649449547525      -0.154686743516353     
   1.09375000000000       0.172110430109504      -0.149405914903261     
   1.10156250000000       0.170990879024905      -0.144205302417325     
   1.10937500000000       0.170122778778762      -0.138924795652160     
   1.11718750000000       0.169374805839670      -0.133456729952382     
   1.12500000000000       0.168612470454188      -0.127712500507005     
   1.13281250000000       0.167668604954921      -0.121594569822025     
   1.14062500000000       0.166194487088024      -0.114794871529841     
   1.14843750000000       0.162978208340676      -0.108867949834703     
   1.15625000000000       0.160157356276647      -0.103810837495868     
   1.16406250000000       0.157462820736708      -9.903901209607414E-002
   1.17187500000000       0.154806797322911      -9.444257654494630E-002
   1.17968750000000       0.152130628963620      -8.996937913959785E-002
   1.18750000000000       0.149379642417952      -8.558710480823833E-002
   1.19531250000000       0.146484684342633      -8.126768288307971E-002
   1.20312500000000       0.143309831695142      -7.696249933840194E-002
   1.21093750000000       0.139101309199193      -7.303165813716309E-002
   1.21875000000000       0.135317139888066      -7.052130906678181E-002
   1.22656250000000       0.132056621379409      -6.826309094150504E-002
   1.23437500000000       0.129113356263493      -6.615350621886804E-002
   1.24218750000000       0.126410979897416      -6.415345428703007E-002
   1.25000000000000       0.123912642862237      -6.224130293180776E-002
   1.25781250000000       0.121604777246592      -6.040220388166903E-002
   1.26562500000000       0.119499478644099      -5.862235849602985E-002
   1.27343750000000       0.117669510925211      -5.687801734068153E-002
   1.28125000000000       0.116380190931367      -5.467673707222659E-002
   1.28906250000000       0.114423690740202      -5.198054039818420E-002
   1.29687500000000       0.112135254627203      -4.945949263626230E-002
   1.30468750000000       0.109636288316617      -4.713007498521658E-002
   1.31250000000000       0.106976079341211      -4.502743846618679E-002
   1.32031250000000       0.104191790738317      -4.319619689452679E-002
   1.32812500000000       0.101322873260404      -4.169286096379158E-002
   1.33593750000000       9.842032358947141E-002 -4.059596067233994E-002
   1.34375000000000       9.556247587902048E-002 -4.004158705641885E-002
   1.35156250000000       9.294159191869944E-002 -4.048637461046449E-002
   1.35937500000000       9.260383753481008E-002 -4.094327426700279E-002
   1.36718750000000       9.222737752357196E-002 -4.015882312191357E-002
   1.37500000000000       9.175872341343348E-002 -3.894801738311621E-002
   1.38281250000000       9.120424827690835E-002 -3.743761554460247E-002
   1.39062500000000       9.054895397687786E-002 -3.567811329744100E-002
   1.39843750000000       8.976580668563790E-002 -3.369299033313233E-002
   1.40625000000000       8.881522699935238E-002 -3.149171140328588E-002
   1.41406250000000       8.763768349693350E-002 -2.907141585043665E-002
   1.42187500000000       8.612591328493067E-002 -2.640459912322450E-002
   1.42968750000000       8.388600858367823E-002 -2.330228183936904E-002
   1.43750000000000       8.051665323524872E-002 -2.164652307604838E-002
   1.44531250000000       7.784447190861248E-002 -2.048792893107313E-002
   1.45312500000000       7.540972492624223E-002 -1.947627165208186E-002
   1.46093750000000       7.311670118086286E-002 -1.855562441900777E-002
   1.46875000000000       7.091988581242635E-002 -1.770105651594577E-002
   1.47656250000000       6.879151621154016E-002 -1.689835034024199E-002
   1.48437500000000       6.671126974269724E-002 -1.613762728996820E-002
   1.49218750000000       6.466076976442886E-002 -1.541009135236305E-002
   1.50000000000000       6.261728986135176E-002 -1.470456036214019E-002
   1.50781250000000       6.053261189866512E-002 -1.399620462924409E-002
   1.51562500000000       5.816947076117192E-002 -1.346025015028239E-002
   1.52343750000000       5.601578385597538E-002 -1.328283296121067E-002
   1.53125000000000       5.402222262001086E-002 -1.317742522279856E-002
   1.53906250000000       5.213777042557857E-002 -1.312329234553073E-002
   1.54687500000000       5.034115846979653E-002 -1.311369677622134E-002
   1.55468750000000       4.862079840425829E-002 -1.314628030013240E-002
   1.56250000000000       4.697003241724278E-002 -1.322103627226262E-002
   1.57031250000000       4.538561962995349E-002 -1.333993556466906E-002
   1.57812500000000       4.386768684147709E-002 -1.350755082271390E-002
   1.58593750000000       4.242164841273825E-002 -1.373365636542055E-002
   1.59375000000000       4.106923333733563E-002 -1.404611027319000E-002
   1.60156250000000       4.000485137160627E-002 -1.437902355368138E-002
   1.60937500000000       3.896336638751025E-002 -1.451211994106572E-002
   1.61718750000000       3.791264588137940E-002 -1.461668126055728E-002
   1.62500000000000       3.687237192216294E-002 -1.471507262431163E-002
   1.63281250000000       3.585101017279853E-002 -1.481626655532605E-002
   1.64062500000000       3.485402136587808E-002 -1.492528328444381E-002
   1.64843750000000       3.388604291109438E-002 -1.504556260110044E-002
   1.65625000000000       3.295202783631037E-002 -1.517998839736411E-002
   1.66406250000000       3.205843474613136E-002 -1.533165331717735E-002
   1.67187500000000       3.121552432201509E-002 -1.550500882730788E-002
   1.67968750000000       3.044468742799826E-002 -1.570927300102791E-002
   1.68750000000000       2.987063568224745E-002 -1.596920082647505E-002
   1.69531250000000       2.939935379092356E-002 -1.589478229090408E-002
   1.70312500000000       2.881459139464052E-002 -1.575215197310560E-002
   1.71093750000000       2.817831939524290E-002 -1.557773251406006E-002
   1.71875000000000       2.750481279502401E-002 -1.538250221779043E-002
   1.72656250000000       2.679967208456472E-002 -1.517265147386999E-002
   1.73437500000000       2.606501588480062E-002 -1.495256412176252E-002
   1.74218750000000       2.530096286300183E-002 -1.472581344515026E-002
   1.75000000000000       2.450600615288172E-002 -1.449563894892930E-002
   1.75781250000000       2.367669274695281E-002 -1.426527304315579E-002
   1.76562500000000       2.280615302882105E-002 -1.403830171641787E-002
   1.77343750000000       2.187849585817918E-002 -1.381934307429544E-002
   1.78125000000000       2.080542892807367E-002 -1.361843323655843E-002
   1.78906250000000       1.979224433646880E-002 -1.375944119603827E-002
   1.79687500000000       1.894722652603480E-002 -1.385186234030452E-002
   1.80468750000000       1.815550473728722E-002 -1.390525558248541E-002
   1.81250000000000       1.738809864328959E-002 -1.392601797711077E-002
   1.82031250000000       1.662962545343200E-002 -1.391843297076587E-002
   1.82812500000000       1.586944530255920E-002 -1.388555237409151E-002
   1.83593750000000       1.509866780197614E-002 -1.382963130125476E-002
   1.84375000000000       1.430856692011124E-002 -1.375235185685080E-002
   1.85156250000000       1.348919557280061E-002 -1.365491750437334E-002
   1.85937500000000       1.262732346014343E-002 -1.353801263892957E-002
   1.86718750000000       1.170165520575461E-002 -1.340145828512392E-002
   1.87500000000000       1.066470356002801E-002 -1.324239802583306E-002
   1.88281250000000       9.291040668616152E-003 -1.322987601285241E-002
   1.89062500000000       8.147460378551805E-003 -1.362037808708256E-002
   1.89843750000000       7.165229237368342E-003 -1.400001444180903E-002
   1.90625000000000       6.259951226938345E-003 -1.436494074134933E-002
   1.91406250000000       5.401183260607302E-003 -1.471608141926003E-002
   1.92187500000000       4.572155771319837E-003 -1.505487509101331E-002
   1.92968750000000       3.761569899001256E-003 -1.538273067608279E-002
   1.93750000000000       2.960613919091718E-003 -1.570094707516916E-002
   1.94531250000000       2.161457720869630E-003 -1.601074839641202E-002
   1.95312500000000       1.356165267788483E-003 -1.631339316156851E-002
   1.96093750000000       5.354370665941624E-004 -1.661043273500554E-002
   1.96875000000000      -3.137680528962631E-004 -1.690445606842938E-002
   1.97656250000000      -1.215518540873925E-003 -1.720212574922033E-002
   1.98437500000000      -2.275389678178284E-003 -1.756383602924807E-002
   1.99218750000000      -3.127178988878564E-003 -1.816836816664845E-002
   2.00000000000000      -3.928151752191617E-003 -1.865149797155747E-002
   2.00781250000000      -4.743061580476197E-003 -1.909620571352566E-002
   2.01562500000000      -5.585358040704791E-003 -1.951788841276382E-002
   2.02343750000000      -6.465779640169604E-003 -1.991860055899832E-002
   2.03125000000000      -7.398839404609801E-003 -2.029196568927450E-002
   2.03906250000000      -8.408595565012496E-003 -2.062314490871709E-002
   2.04687500000000      -9.538017680615006E-003 -2.088761652496974E-002
   2.05468750000000      -1.086593750178114E-002 -2.105104181949807E-002
   2.06250000000000      -1.253804328363927E-002 -2.107422885099738E-002
   2.07031250000000      -1.482573219012278E-002 -2.093068398734745E-002
   2.07812500000000      -1.826050374022566E-002 -2.065160251701908E-002
   2.08593750000000      -2.410715967953652E-002 -2.047610803034267E-002
   2.09375000000000      -3.856797912536895E-002 -2.414864233224199E-002
   2.10156250000000      -4.198198622688390E-002 -4.604629219945911E-002
   2.10937500000000      -3.038089037248839E-002 -6.166569079751179E-002
   2.11718750000000      -1.544912376799485E-002 -6.547297589563623E-002
   2.12500000000000      -4.922492176833352E-003 -6.238180497862451E-002
   2.13281250000000       9.560017398416770E-004 -5.759231586535401E-002
   2.14062500000000       3.891629327775727E-003 -5.317456248087098E-002
   2.14843750000000       5.186339133277201E-003 -4.959763796689349E-002
   2.15625000000000       5.587084115834064E-003 -4.682850660437277E-002
   2.16406250000000       5.497421703293559E-003 -4.472733409198369E-002
   2.17187500000000       5.135580777968590E-003 -4.315962720730778E-002
   2.17968750000000       4.621375702856854E-003 -4.202070612627168E-002
   2.18750000000000       4.020801356488470E-003 -4.123735516935984E-002
   2.19531250000000       3.367578375363738E-003 -4.076795764925752E-002
   2.20312500000000       2.666497144717136E-003 -4.061983674281604E-002
   2.21093750000000       2.098075990998691E-003 -4.110604038908486E-002
   2.21875000000000       2.162972477605151E-003 -4.149340197333780E-002
   2.22656250000000       2.290780382096023E-003 -4.173515365215334E-002
   2.23437500000000       2.445034948360600E-003 -4.192468230837126E-002
   2.24218750000000       2.615095335954371E-003 -4.209242801047040E-002
   2.25000000000000       2.797400739944652E-003 -4.225339104421818E-002
   2.25781250000000       2.991748849407744E-003 -4.241646698614933E-002
   2.26562500000000       3.200080891085256E-003 -4.258751769358688E-002
   2.27343750000000       3.426047197262780E-003 -4.277058310567539E-002
   2.28125000000000       3.674909177914412E-003 -4.296834923201896E-002
   2.28906250000000       3.953638920988995E-003 -4.318223458592958E-002
   2.29687500000000       4.271199130479156E-003 -4.341222146518925E-002
   2.30468750000000       4.639113005156925E-003 -4.365646748770990E-002
   2.31250000000000       5.072800103746530E-003 -4.391070381548128E-002
   2.32031250000000       5.596040054496868E-003 -4.416754910427468E-002
   2.32812500000000       6.279173240564770E-003 -4.441958107246129E-002
   2.33593750000000       7.073898688427183E-003 -4.435100275973192E-002
   2.34375000000000       7.732335491532781E-003 -4.421128253730555E-002
   2.35156250000000       8.352013098789541E-003 -4.403405866797492E-002
   2.35937500000000       8.950897711132033E-003 -4.381995789978441E-002
   2.36718750000000       9.536234325043838E-003 -4.356722437550664E-002
   2.37500000000000       1.011112238177179E-002 -4.327297480388874E-002
   2.38281250000000       1.067639842458278E-002 -4.293350678395663E-002
   2.39062500000000       1.123131560900026E-002 -4.254433754174523E-002
   2.39843750000000       1.177376057881189E-002 -4.210010130966829E-002
   2.40625000000000       1.230021391626078E-002 -4.159430976044306E-002
   2.41406250000000       1.280548595309937E-002 -4.101890734046830E-002
   2.42187500000000       1.328214109435953E-002 -4.036343939433808E-002
   2.42968750000000       1.371932085335100E-002 -3.961336234295489E-002
   2.43750000000000       1.410007037963253E-002 -3.874607277856361E-002
   2.44531250000000       1.439358477487424E-002 -3.771884342459786E-002
   2.45312500000000       1.451327363785208E-002 -3.639966751517953E-002
   2.46093750000000       1.372237229140768E-002 -3.513119411117754E-002
   2.46875000000000       1.298535184682151E-002 -3.450214754176128E-002
   2.47656250000000       1.234020857828329E-002 -3.405362786508698E-002
   2.48437500000000       1.175128377678927E-002 -3.371693225530215E-002
   2.49218750000000       1.120329206447278E-002 -3.346252015311253E-002
   2.50000000000000       1.068773070613247E-002 -3.327417091302731E-002
   2.53125000000000       8.865079323378548E-003 -3.303077607516864E-002
   2.56250000000000       7.343094663299488E-003 -3.351628297013627E-002
   2.59375000000000       6.680639672051306E-003 -3.525368957429610E-002
   2.62500000000000       7.595665625143938E-003 -3.593093137179686E-002
   2.65625000000000       8.392141357591953E-003 -3.598914145058593E-002
   2.68750000000000       9.100018190843070E-003 -3.566473128883828E-002
   2.71875000000000       9.595290487813138E-003 -3.492684869541635E-002
   2.75000000000000       9.213427894843083E-003 -3.429726554947157E-002
   2.78125000000000       9.062216689030305E-003 -3.424285389126049E-002
   2.81250000000000       9.112736422036159E-003 -3.424504464200735E-002
   2.84375000000000       9.293806809824641E-003 -3.422279597946535E-002
   2.87500000000000       9.541336748514321E-003 -3.414682472112108E-002
   2.90625000000000       9.888618243808741E-003 -3.404462760932481E-002
   2.93750000000000       1.031190116329484E-002 -3.381838711519466E-002
   2.96875000000000       1.076804298342351E-002 -3.343703130674715E-002
   3.00000000000000       1.121289344424899E-002 -3.283577190779648E-002
   3.03125000000000       1.139539268622078E-002 -3.172116643301193E-002
   3.06250000000000       1.080569072129016E-002 -3.107778058727586E-002
   3.09375000000000       1.030501827311999E-002 -3.077142381690273E-002
   3.12500000000000       9.830136446257208E-003 -3.064523278877063E-002
   3.15625000000000       9.345311374436274E-003 -3.069706799059361E-002
   3.18750000000000       8.769933147720071E-003 -3.109622352588019E-002
   3.21875000000000       8.943298237177743E-003 -3.189195204101472E-002
   3.25000000000000       9.356235974189086E-003 -3.235437457145684E-002
   3.28125000000000       9.899138648079748E-003 -3.266989677870326E-002
   3.31250000000000       1.055940062991967E-002 -3.285221634753057E-002
   3.34375000000000       1.135531680017364E-002 -3.287526632632252E-002
   3.37500000000000       1.219868710372148E-002 -3.244870718138429E-002
   3.40625000000000       1.268060211600833E-002 -3.194740052669008E-002
   3.43750000000000       1.306137068782144E-002 -3.147003299232935E-002
   3.46875000000000       1.337174761711588E-002 -3.099217373385282E-002
   3.50000000000000       1.361276032287841E-002 -3.050338126872949E-002
   3.53125000000000       1.374861082866558E-002 -2.998726297019017E-002
   3.56250000000000       1.372332966516371E-002 -2.965602259290687E-002
   3.59375000000000       1.380240529833997E-002 -2.941155110257663E-002
   3.62500000000000       1.391266265339940E-002 -2.918658903517117E-002
   3.65625000000000       1.403842584198120E-002 -2.898123439737245E-002
   3.68750000000000       1.417496630903199E-002 -2.880709727748742E-002
   3.71875000000000       1.433191988426136E-002 -2.871592226618328E-002
   3.75000000000000       1.474762653110961E-002 -2.860775719508366E-002
   3.78125000000000       1.514507525118716E-002 -2.831254849984742E-002
   3.81250000000000       1.550328038198620E-002 -2.793229690555018E-002
   3.84375000000000       1.581108960626327E-002 -2.748038453061310E-002
   3.87500000000000       1.604501612314076E-002 -2.695744557136013E-002
   3.90625000000000       1.614218525061092E-002 -2.634769444367907E-002
   3.93750000000000       1.586443512889151E-002 -2.593181686998114E-002
   3.96875000000000       1.580573350230904E-002 -2.581029402785752E-002
   4.00000000000000       1.587016298753527E-002 -2.570014611037617E-002
   4.03125000000000       1.601205487045256E-002 -2.557989626204351E-002
   4.06250000000000       1.621465743846757E-002 -2.543690872811451E-002
   4.09375000000000       1.647350438458492E-002 -2.525641849320385E-002
   4.12500000000000       1.681885379426236E-002 -2.498118530330133E-002
   4.15625000000000       1.698194160604480E-002 -2.456543748502495E-002
   4.18750000000000       1.709579058350599E-002 -2.423540388533612E-002
   4.21875000000000       1.719807333521720E-002 -2.394227547638410E-002
   4.25000000000000       1.729647688493604E-002 -2.367797558798829E-002
   4.28125000000000       1.739482622096075E-002 -2.344286599851378E-002
   4.31250000000000       1.749646058024105E-002 -2.324648272557889E-002
   4.34375000000000       1.762869412158358E-002 -2.315389112515646E-002
   4.37500000000000       1.794706752985278E-002 -2.300006108043602E-002
   4.40625000000000       1.826171383782442E-002 -2.276331069734654E-002
   4.43750000000000       1.857479187089008E-002 -2.248363312015915E-002
   4.46875000000000       1.888755604501081E-002 -2.217110718898798E-002
   4.50000000000000       1.920277488989331E-002 -2.183002035384934E-002
   4.53125000000000       1.952762132056721E-002 -2.146163219245587E-002
   4.56250000000000       1.989086724833319E-002 -2.106106801962354E-002
   4.59375000000000       2.024893806762473E-002 -2.048082706159636E-002
   4.62500000000000       2.047645588241537E-002 -1.988270527482595E-002
   4.65625000000000       2.064680359777996E-002 -1.928108274257662E-002
   4.68750000000000       2.076957346941532E-002 -1.867230534637132E-002
   4.71875000000000       2.084573012623427E-002 -1.805405177331794E-002
   4.75000000000000       2.087059106794764E-002 -1.742345182154782E-002
   4.78125000000000       2.082918839671577E-002 -1.677434855501256E-002
   4.81250000000000       2.061876999503488E-002 -1.611747139238191E-002
   4.84375000000000       2.038597512971405E-002 -1.568214838813968E-002
   4.87500000000000       2.020790186659780E-002 -1.527735410109580E-002
   4.90625000000000       2.004491424056499E-002 -1.488600908979230E-002
   4.93750000000000       1.988264298008300E-002 -1.450273163504025E-002
   4.96875000000000       1.971051106443734E-002 -1.412459921987671E-002
   5.00000000000000       1.951603681313811E-002 -1.374942640027222E-002
   5.03125000000000       1.927558910513323E-002 -1.337461879654000E-002
   5.06250000000000       1.886760336017332E-002 -1.304983346890737E-002
   5.09375000000000       1.855319798274086E-002 -1.299783524558031E-002
   5.12500000000000       1.835414148156696E-002 -1.295871274024078E-002
   5.15625000000000       1.821993345014385E-002 -1.292832259082107E-002
   5.18750000000000       1.813784927198540E-002 -1.290558590130894E-002
   5.21875000000000       1.810480912659096E-002 -1.289034372351742E-002
   5.25000000000000       1.812431793813845E-002 -1.288325029046350E-002
   5.28125000000000       1.821003590758377E-002 -1.288647487274978E-002
   5.31250000000000       1.841466924155929E-002 -1.290851421380615E-002
   5.34375000000000       1.880261371251340E-002 -1.266941807564031E-002
   5.37500000000000       1.900436900779327E-002 -1.231282176310583E-002
   5.40625000000000       1.913662072830963E-002 -1.194327248535571E-002
   5.43750000000000       1.922298295674203E-002 -1.156508205223961E-002
   5.46875000000000       1.927154223505605E-002 -1.117986692578028E-002
   5.50000000000000       1.928402224879065E-002 -1.078813491306530E-002
   5.53125000000000       1.925683512909899E-002 -1.038946868367705E-002
   5.56250000000000       1.917690024522304E-002 -9.981782258682823E-003
   5.59375000000000       1.898149325396478E-002 -9.554021662446061E-003
   5.62500000000000       1.869492881231470E-002 -9.399959493060408E-003
   5.65625000000000       1.855788843611784E-002 -9.291619659812166E-003
   5.68750000000000       1.848022000905641E-002 -9.194433205072548E-003
   5.71875000000000       1.844748161616400E-002 -9.105302255489856E-003
   5.75000000000000       1.845616000143105E-002 -9.023152009608603E-003
   5.78125000000000       1.850847323204449E-002 -8.947877312946918E-003
   5.81250000000000       1.861274943228656E-002 -8.880281264528188E-003
   5.84375000000000       1.878907379232089E-002 -8.822785473918788E-003
   5.87500000000000       1.910148719469161E-002 -8.783774114819828E-003
   5.90625000000000       1.968302128184391E-002 -8.428413494885541E-003
   5.93750000000000       1.999107474118669E-002 -7.859465569786676E-003
   5.96875000000000       2.018157941107306E-002 -7.272962969969726E-003
   6.00000000000000       2.029396725248537E-002 -6.675661494113814E-003
   6.03125000000000       2.034315978548579E-002 -6.070684156380095E-003
   6.06250000000000       2.033578603628981E-002 -5.459941477211775E-003
   6.09375000000000       2.027390159824552E-002 -4.844742207224926E-003
   6.12500000000000       2.015543107142797E-002 -4.225960465373066E-003
   6.15625000000000       1.997122629147936E-002 -3.603851748169047E-003
   6.18750000000000       1.967747983751552E-002 -2.975415759006126E-003
   6.21875000000000       1.930422575690042E-002 -2.545781954924952E-003
   6.25000000000000       1.901316715565869E-002 -2.142313795616152E-003
   6.28125000000000       1.873455033406917E-002 -1.742757685478017E-003
   6.31250000000000       1.845414223814082E-002 -1.345461571864681E-003
   6.34375000000000       1.816421552282518E-002 -9.496210816698114E-004
   6.37500000000000       1.785869545768957E-002 -5.547218103325103E-004
   6.40625000000000       1.753122584137991E-002 -1.603525485472147E-004
   6.43750000000000       1.717326161261215E-002  2.339130039183354E-004
   6.46875000000000       1.676978226771129E-002  6.286984352558165E-004
   6.50000000000000       1.627770965859509E-002  1.025641836409171E-003
   6.53125000000000       1.564848040139671E-002  1.206398371739871E-003
   6.56250000000000       1.518669110736772E-002  1.290433625582206E-003
   6.59375000000000       1.478300940800357E-002  1.371445732729573E-003
   6.62500000000000       1.441266476210377E-002  1.450469387106178E-003
   6.65625000000000       1.406464864495795E-002  1.528004309459477E-003
   6.68750000000000       1.373231829608094E-002  1.604380780304769E-003
   6.71875000000000       1.341082241868769E-002  1.679865980639451E-003
   6.75000000000000       1.309591382498044E-002  1.754721961114817E-003
   6.78125000000000       1.278292894782875E-002  1.829272242861824E-003
   6.81250000000000       1.246468268801267E-002  1.904070138673101E-003
   6.84375000000000       1.211533991133951E-002  1.981271991352962E-003
   6.87500000000000       1.175975670401912E-002  1.960041830957565E-003
   6.90625000000000       1.145988483280117E-002  1.931352694707393E-003
   6.93750000000000       1.118505184713351E-002  1.900270085997729E-003
   6.96875000000000       1.092884410205086E-002  1.867379374906110E-003
   7.00000000000000       1.068813583118771E-002  1.832970197933847E-003
   7.03125000000000       1.046110252987474E-002  1.797213486278676E-003
   7.06250000000000       1.024665129651302E-002  1.760211959112150E-003
   7.09375000000000       1.004424930827708E-002  1.722013712205474E-003
   7.12500000000000       9.853989477264720E-003  1.682601266095498E-003
   7.15625000000000       9.677088188249451E-003  1.641830088013383E-003
   7.18750000000000       9.518857648542057E-003  1.599062318002728E-003
   7.21875000000000       9.388530992531488E-003  1.584836122242744E-003
   7.25000000000000       9.240094732042677E-003  1.586532508541465E-003
   7.28125000000000       9.087304159889276E-003  1.589132604657732E-003
   7.31250000000000       8.933099404396655E-003  1.592222933051925E-003
   7.34375000000000       8.778431489074017E-003  1.595649400579224E-003
   7.37500000000000       8.623583763836668E-003  1.599345411509533E-003
   7.40625000000000       8.468494778438669E-003  1.603288718856997E-003
   7.43750000000000       8.312848323987184E-003  1.607487855896319E-003
   7.46875000000000       8.156053433692557E-003  1.611981410061630E-003
   7.50000000000000       7.997090996643313E-003  1.616850616707248E-003
   7.53125000000000       7.833966858974011E-003  1.622268328282842E-003
   7.56250000000000       7.660022327965622E-003  1.628835002077625E-003
   7.59375000000000       7.475251831753440E-003  1.606216205796896E-003
   7.62500000000000       7.308681337304933E-003  1.577487652837596E-003
   7.65625000000000       7.147977230900385E-003  1.548295827105264E-003
   7.68750000000000       6.990139121523457E-003  1.518929002738984E-003
   7.71875000000000       6.833131432279187E-003  1.489586061007771E-003
   7.75000000000000       6.674919615808034E-003  1.460469038520755E-003
   7.78125000000000       6.512939871226600E-003  1.431836540698061E-003
   7.81250000000000       6.343396183848582E-003  1.404077087790979E-003
   7.84375000000000       6.159816347468053E-003  1.377862359397630E-003
   7.87500000000000       5.949200604206855E-003  1.354560463636137E-003
   7.90625000000000       5.677988311788234E-003  1.337758426803979E-003
   7.93750000000000       5.194041548585072E-003  1.344059448188264E-003
   7.96875000000000       4.993030507179641E-003 -4.025747948603568E-007
   8.00000000000000       5.432349371219415E-003 -2.505843272666529E-007
   8.03125000000000       5.586424544457064E-003 -1.946701772937652E-007
   8.06250000000000       5.661557195560989E-003 -1.628456075999699E-007
   8.09375000000000       5.699234957187735E-003 -1.416572240715697E-007
   8.12500000000000       5.715205376540419E-003 -1.262990844878669E-007
   8.15625000000000       5.717167979572208E-003 -1.145465291819630E-007
   8.18750000000000       5.709468445333520E-003 -1.052052020108466E-007
   8.21875000000000       5.694799919472424E-003 -9.756804960429211E-008
   8.25000000000000       5.674945145441273E-003 -9.118618590950019E-008
   8.28125000000000       5.651143383756968E-003 -8.575921553800913E-008
   8.31250000000000       5.624289168009113E-003 -8.107761576184151E-008
   8.34375000000000       5.595047737721834E-003 -7.699031223726142E-008
   8.37500000000000       5.563925870524717E-003 -7.338532771619753E-008
   8.40625000000000       5.531317355516562E-003 -7.017773883386170E-008
   8.43750000000000       5.497533253501058E-003 -6.730184344738352E-008
   8.46875000000000       5.462822716160939E-003 -6.470596298735986E-008
   8.50000000000000       5.427387659534489E-003 -6.234882218520766E-008
   8.53125000000000       5.391393367010351E-003 -6.019703279284158E-008
   8.56250000000000       5.354976293388262E-003 -5.822327462677904E-008
   8.59375000000000       5.318249937813724E-003 -5.640495742069256E-008
   8.62500000000000       5.281309280329167E-003 -5.472322245339073E-008
   8.65625000000000       5.244234241728894E-003 -5.316220699633700E-008
   8.68750000000000       5.207092386573859E-003 -5.170845019512486E-008
   8.71875000000000       5.169941025494501E-003 -5.035046446771662E-008
   8.75000000000000       5.132828954800032E-003 -4.907837290732474E-008
   8.78125000000000       5.095797792691622E-003 -4.788364106482116E-008
   8.81250000000000       5.058883131460403E-003 -4.675884753258767E-008
   8.84375000000000       5.022115416315347E-003 -4.569751117996932E-008
   8.87500000000000       4.985520739131655E-003 -4.469394231858774E-008
   8.90625000000000       4.949121433269170E-003 -4.374312856737555E-008
   8.93750000000000       4.912936619379745E-003 -4.284063297272739E-008
   8.96875000000000       4.876982639606328E-003 -4.198251116933497E-008
   9.00000000000000       4.841273426803971E-003 -4.116524872347272E-008
   9.03125000000000       4.805820829532030E-003 -4.038570587453334E-008
   9.06250000000000       4.770634873238336E-003 -3.964105661529349E-008
   9.09375000000000       4.735723992685522E-003 -3.892876145786641E-008
   9.12500000000000       4.701095241434561E-003 -3.824652860067015E-008
   9.15625000000000       4.666754449811067E-003 -3.759228463220743E-008
   9.18750000000000       4.632706375644705E-003 -3.696414829716096E-008
   9.21875000000000       4.598954845404396E-003 -3.636040400339843E-008
   9.25000000000000       4.565502848705121E-003 -3.577949440606345E-008
   9.28125000000000       4.532352644040707E-003 -3.521998988670848E-008
   9.31250000000000       4.499505853621384E-003 -3.468058702884555E-008
   9.34375000000000       4.466963523015437E-003 -3.416008809710268E-008
   9.37500000000000       4.434726202130357E-003 -3.365739097988668E-008
   9.40625000000000       4.402793984788407E-003 -3.317148560879875E-008
   9.43750000000000       4.371166583136634E-003 -3.270142879371922E-008
   9.46875000000000       4.339843360086209E-003 -3.224636221108371E-008
   9.50000000000000       4.308823372145901E-003 -3.180548810250100E-008
   9.53125000000000       4.278105397846225E-003 -3.137806162596430E-008
   9.56250000000000       4.247687985395042E-003 -3.096339342321480E-008
   9.59375000000000       4.217569475182265E-003 -3.056084604033637E-008
   9.62500000000000       4.187748013813013E-003 -3.016982069273017E-008
   9.65625000000000       4.158221597292762E-003 -2.978976853060543E-008
   9.68750000000000       4.128988066892270E-003 -2.942016443686229E-008
   9.71875000000000       4.100045152014750E-003 -2.906052708771188E-008
   9.75000000000000       4.071390473109454E-003 -2.871040186757452E-008
   9.78125000000000       4.043021551411165E-003 -2.836936566157186E-008
   9.81250000000000       4.014935832785249E-003 -2.803701796100325E-008
   9.84375000000000       3.987130697972080E-003 -2.771298589665950E-008
   9.87500000000000       3.959603471875444E-003 -2.739691836622146E-008
   9.90625000000000       3.932351419784188E-003 -2.708848241692789E-008
   9.93750000000000       3.905371780352157E-003 -2.678736589909934E-008
   9.96875000000000       3.878661754901478E-003 -2.649327785870056E-008
   10.0000000000000       3.852218521461817E-003 -2.620594041003913E-008
   11.0000000000000       3.502016837692561E-003  0.000000000000000E+000
   12.0000000000000       3.210182101218181E-003  0.000000000000000E+000
   13.0000000000000       2.963245016509090E-003  0.000000000000000E+000
   14.0000000000000       2.751584658187012E-003  0.000000000000000E+000
   15.0000000000000       2.568145680974545E-003  0.000000000000000E+000
   16.0000000000000       2.407636575913636E-003  0.000000000000000E+000
   17.0000000000000       2.266010894977539E-003  0.000000000000000E+000
   18.0000000000000       2.140121400812121E-003  0.000000000000000E+000
   19.0000000000000       2.027483432348325E-003  0.000000000000000E+000
   20.0000000000000       1.926109260730909E-003  0.000000000000000E+000
   21.0000000000000       1.834389772124675E-003  0.000000000000000E+000
   22.0000000000000       1.751008418846280E-003  0.000000000000000E+000
   23.0000000000000       1.674877618026877E-003  0.000000000000000E+000
   24.0000000000000       1.605091050609090E-003  0.000000000000000E+000
   25.0000000000000       1.540887408584727E-003  0.000000000000000E+000
   26.0000000000000       1.481622508254545E-003  0.000000000000000E+000
   27.0000000000000       1.426747600541414E-003  0.000000000000000E+000
   28.0000000000000       1.375792329093506E-003  0.000000000000000E+000
   29.0000000000000       1.328351214297178E-003  0.000000000000000E+000
   30.0000000000000       1.284072840487272E-003  0.000000000000000E+000
   31.0000000000000       1.242651135955425E-003  0.000000000000000E+000
   32.0000000000000       1.203818287956818E-003  0.000000000000000E+000
   33.0000000000000       1.167338945897520E-003  0.000000000000000E+000
   34.0000000000000       1.133005447488770E-003  0.000000000000000E+000
   35.0000000000000       1.100633863274805E-003  0.000000000000000E+000
   36.0000000000000       1.070060700406060E-003  0.000000000000000E+000
   37.0000000000000       1.041140140935626E-003  0.000000000000000E+000
   38.0000000000000       1.013741716174162E-003  0.000000000000000E+000
   39.0000000000000       9.877483388363634E-004  0.000000000000000E+000
   40.0000000000000       9.630546303654543E-004  0.000000000000000E+000
   41.0000000000000       9.395654930394676E-004  0.000000000000000E+000
   42.0000000000000       9.171948860623374E-004  0.000000000000000E+000
   43.0000000000000       8.958647724329808E-004  0.000000000000000E+000
   44.0000000000000       8.755042094231402E-004  0.000000000000000E+000
   45.0000000000000       8.560485603248482E-004  0.000000000000000E+000
   46.0000000000000       8.374388090134385E-004  0.000000000000000E+000
   47.0000000000000       8.196209620131526E-004  0.000000000000000E+000
   48.0000000000000       8.025455253045452E-004  0.000000000000000E+000
   49.0000000000000       7.861670451962893E-004  0.000000000000000E+000
   50.0000000000000       7.704437042923635E-004  0.000000000000000E+000
   51.0000000000000       7.553369649925132E-004  0.000000000000000E+000
   52.0000000000000       7.408112541272725E-004  0.000000000000000E+000
   53.0000000000000       7.268336832946824E-004  0.000000000000000E+000
   54.0000000000000       7.133738002707069E-004  0.000000000000000E+000
   55.0000000000000       7.004033675385122E-004  0.000000000000000E+000
   56.0000000000000       6.878961645467531E-004  0.000000000000000E+000
   57.0000000000000       6.758278107827749E-004  0.000000000000000E+000
   58.0000000000000       6.641756071485891E-004  0.000000000000000E+000
   59.0000000000000       6.529183934681046E-004  0.000000000000000E+000
   60.0000000000000       6.420364202436361E-004  0.000000000000000E+000
   61.0000000000000       6.315112330265274E-004  0.000000000000000E+000
   62.0000000000000       6.213255679777124E-004  0.000000000000000E+000
   63.0000000000000       6.114632573748916E-004  0.000000000000000E+000
   64.0000000000000       6.019091439784089E-004  0.000000000000000E+000
   65.0000000000000       5.926490033018180E-004  0.000000000000000E+000
   66.0000000000000       5.836694729487602E-004  0.000000000000000E+000
   67.0000000000000       5.749579882778831E-004  0.000000000000000E+000
   68.0000000000000       5.665027237443848E-004  0.000000000000000E+000
   69.0000000000000       5.582925393422923E-004  0.000000000000000E+000
   70.0000000000000       5.503169316374024E-004  0.000000000000000E+000
   71.0000000000000       5.425659889382841E-004  0.000000000000000E+000
   72.0000000000000       5.350303502030301E-004  0.000000000000000E+000
   73.0000000000000       5.277011673235366E-004  0.000000000000000E+000
   74.0000000000000       5.205700704678132E-004  0.000000000000000E+000
   75.0000000000000       5.136291361949089E-004  0.000000000000000E+000
   76.0000000000000       5.068708580870812E-004  0.000000000000000E+000
   77.0000000000000       5.002881196703658E-004  0.000000000000000E+000
   78.0000000000000       4.938741694181817E-004  0.000000000000000E+000
   79.0000000000000       4.876225976533945E-004  0.000000000000000E+000
   80.0000000000000       4.815273151827271E-004  0.000000000000000E+000
   81.0000000000000       4.755825335138046E-004  0.000000000000000E+000
   82.0000000000000       4.697827465197338E-004  0.000000000000000E+000
   83.0000000000000       4.641227134291346E-004  0.000000000000000E+000
   84.0000000000000       4.585974430311687E-004  0.000000000000000E+000
   85.0000000000000       4.532021789955079E-004  0.000000000000000E+000
   86.0000000000000       4.479323862164904E-004  0.000000000000000E+000
   87.0000000000000       4.427837380990594E-004  0.000000000000000E+000
   88.0000000000000       4.377521047115701E-004  0.000000000000000E+000
   89.0000000000000       4.328335417372828E-004  0.000000000000000E+000
   90.0000000000000       4.280242801624241E-004  0.000000000000000E+000
   91.0000000000000       4.233207166441557E-004  0.000000000000000E+000
   92.0000000000000       4.187194045067193E-004  0.000000000000000E+000
   93.0000000000000       4.142170453184750E-004  0.000000000000000E+000
   94.0000000000000       4.098104810065763E-004  0.000000000000000E+000
   95.0000000000000       4.054966864696649E-004  0.000000000000000E+000
   96.0000000000000       4.012727626522726E-004  0.000000000000000E+000
   97.0000000000000       3.971359300476100E-004  0.000000000000000E+000
   98.0000000000000       3.930835225981446E-004  0.000000000000000E+000
   99.0000000000000       3.891129819658401E-004  0.000000000000000E+000
   100.000000000000       3.852218521461817E-004  0.000000000000000E+000
   101.000000000000       3.814077744021601E-004  0.000000000000000E+000
   102.000000000000       3.776684824962566E-004  0.000000000000000E+000
   103.000000000000       3.740017982001764E-004  0.000000000000000E+000
   104.000000000000       3.704056270636362E-004  0.000000000000000E+000
   105.000000000000       3.668779544249350E-004  0.000000000000000E+000
   106.000000000000       3.634168416473412E-004  0.000000000000000E+000
   107.000000000000       3.600204225665250E-004  0.000000000000000E+000
   108.000000000000       3.566869001353535E-004  0.000000000000000E+000
   109.000000000000       3.534145432533777E-004  0.000000000000000E+000
   110.000000000000       3.502016837692561E-004  0.000000000000000E+000
   111.000000000000       3.470467136452087E-004  0.000000000000000E+000
   112.000000000000       3.439480822733765E-004  0.000000000000000E+000
   113.000000000000       3.409042939346741E-004  0.000000000000000E+000
   114.000000000000       3.379139053913875E-004  0.000000000000000E+000
   115.000000000000       3.349755236053754E-004  0.000000000000000E+000
   116.000000000000       3.320878035742946E-004  0.000000000000000E+000
   117.000000000000       3.292494462787878E-004  0.000000000000000E+000
   118.000000000000       3.264591967340523E-004  0.000000000000000E+000
   119.000000000000       3.237158421396485E-004  0.000000000000000E+000
   120.000000000000       3.210182101218181E-004  0.000000000000000E+000
   121.000000000000       3.183651670629601E-004  0.000000000000000E+000
   122.000000000000       3.157556165132637E-004  0.000000000000000E+000
   123.000000000000       3.131884976798225E-004  0.000000000000000E+000
   124.000000000000       3.106627839888562E-004  0.000000000000000E+000
   125.000000000000       3.081774817169454E-004  0.000000000000000E+000
   126.000000000000       3.057316286874458E-004  0.000000000000000E+000
   127.000000000000       3.033242930284895E-004  0.000000000000000E+000
   128.000000000000       3.009545719892045E-004  0.000000000000000E+000
   129.000000000000       2.986215908109936E-004  0.000000000000000E+000
   130.000000000000       2.963245016509090E-004  0.000000000000000E+000
   131.000000000000       2.940624825543372E-004  0.000000000000000E+000
   132.000000000000       2.918347364743801E-004  0.000000000000000E+000
   133.000000000000       2.896404903354750E-004  0.000000000000000E+000
   134.000000000000       2.874789941389416E-004  0.000000000000000E+000
   135.000000000000       2.853495201082827E-004  0.000000000000000E+000
   136.000000000000       2.832513618721924E-004  0.000000000000000E+000
   137.000000000000       2.811838336833443E-004  0.000000000000000E+000
   138.000000000000       2.791462696711462E-004  0.000000000000000E+000
   139.000000000000       2.771380231267494E-004  0.000000000000000E+000
   140.000000000000       2.751584658187012E-004  0.000000000000000E+000
   141.000000000000       2.732069873377175E-004  0.000000000000000E+000
   142.000000000000       2.712829944691420E-004  0.000000000000000E+000
   143.000000000000       2.693859105917354E-004  0.000000000000000E+000
   144.000000000000       2.675151751015151E-004  0.000000000000000E+000
   145.000000000000       2.656702428594357E-004  0.000000000000000E+000
   146.000000000000       2.638505836617683E-004  0.000000000000000E+000
   147.000000000000       2.620556817320964E-004  0.000000000000000E+000
   148.000000000000       2.602850352339066E-004  0.000000000000000E+000
   149.000000000000       2.585381558028065E-004  0.000000000000000E+000
   150.000000000000       2.568145680974545E-004  0.000000000000000E+000
   151.000000000000       2.551138093683322E-004  0.000000000000000E+000
   152.000000000000       2.534354290435406E-004  0.000000000000000E+000
   153.000000000000       2.517789883308377E-004  0.000000000000000E+000
   154.000000000000       2.501440598351829E-004  0.000000000000000E+000
   155.000000000000       2.485302271910850E-004  0.000000000000000E+000
   156.000000000000       2.469370847090908E-004  0.000000000000000E+000
   157.000000000000       2.453642370357845E-004  0.000000000000000E+000
   158.000000000000       2.438112988266973E-004  0.000000000000000E+000
   159.000000000000       2.422778944315608E-004  0.000000000000000E+000
   160.000000000000       2.407636575913636E-004  0.000000000000000E+000
   161.000000000000       2.392682311466967E-004  0.000000000000000E+000
   162.000000000000       2.377912667569023E-004  0.000000000000000E+000
   163.000000000000       2.363324246295593E-004  0.000000000000000E+000
   164.000000000000       2.348913732598669E-004  0.000000000000000E+000
   165.000000000000       2.334677891795041E-004  0.000000000000000E+000
   166.000000000000       2.320613567145673E-004  0.000000000000000E+000
   167.000000000000       2.306717677522046E-004  0.000000000000000E+000
   168.000000000000       2.292987215155844E-004  0.000000000000000E+000
   169.000000000000       2.279419243468531E-004  0.000000000000000E+000
   170.000000000000       2.266010894977540E-004  0.000000000000000E+000
   171.000000000000       2.252759369275916E-004  0.000000000000000E+000
   172.000000000000       2.239661931082452E-004  0.000000000000000E+000
   173.000000000000       2.226715908359432E-004  0.000000000000000E+000
   174.000000000000       2.213918690495297E-004  0.000000000000000E+000
   175.000000000000       2.201267726549610E-004  0.000000000000000E+000
   176.000000000000       2.188760523557851E-004  0.000000000000000E+000
   177.000000000000       2.176394644893682E-004  0.000000000000000E+000
   178.000000000000       2.164167708686414E-004  0.000000000000000E+000
   179.000000000000       2.152077386291518E-004  0.000000000000000E+000
   180.000000000000       2.140121400812121E-004  0.000000000000000E+000
   181.000000000000       2.128297525669512E-004  0.000000000000000E+000
   182.000000000000       2.116603583220779E-004  0.000000000000000E+000
   183.000000000000       2.105037443421758E-004  0.000000000000000E+000
   184.000000000000       2.093597022533596E-004  0.000000000000000E+000
   185.000000000000       2.082280281871252E-004  0.000000000000000E+000
   186.000000000000       2.071085226592375E-004  0.000000000000000E+000
   187.000000000000       2.060009904525036E-004  0.000000000000000E+000
   188.000000000000       2.049052405032881E-004  0.000000000000000E+000
   189.000000000000       2.038210857916305E-004  0.000000000000000E+000
   190.000000000000       2.027483432348325E-004  0.000000000000000E+000
   191.000000000000       2.016868335843883E-004  0.000000000000000E+000
   192.000000000000       2.006363813261363E-004  0.000000000000000E+000
   193.000000000000       1.995968145835138E-004  0.000000000000000E+000
   194.000000000000       1.985679650238050E-004  0.000000000000000E+000
   195.000000000000       1.975496677672727E-004  0.000000000000000E+000
   196.000000000000       1.965417612990723E-004  0.000000000000000E+000
   197.000000000000       1.955440873838486E-004  0.000000000000000E+000
   198.000000000000       1.945564909829201E-004  0.000000000000000E+000
   199.000000000000       1.935788201739607E-004  0.000000000000000E+000
   200.000000000000       1.926109260730909E-004  0.000000000000000E+000
   201.000000000000       1.916526627592944E-004  0.000000000000000E+000
   202.000000000000       1.907038872010801E-004  0.000000000000000E+000
   203.000000000000       1.897644591853112E-004  0.000000000000000E+000
   204.000000000000       1.888342412481283E-004  0.000000000000000E+000
   205.000000000000       1.879130986078935E-004  0.000000000000000E+000
   206.000000000000       1.870008991000882E-004  0.000000000000000E+000
   207.000000000000       1.860975131140974E-004  0.000000000000000E+000
   208.000000000000       1.852028135318181E-004  0.000000000000000E+000
   209.000000000000       1.843166756680295E-004  0.000000000000000E+000
   210.000000000000       1.834389772124675E-004  0.000000000000000E+000
   211.000000000000       1.825695981735458E-004  0.000000000000000E+000
   212.000000000000       1.817084208236706E-004  0.000000000000000E+000
   213.000000000000       1.808553296460947E-004  0.000000000000000E+000
   214.000000000000       1.800102112832625E-004  0.000000000000000E+000
   215.000000000000       1.791729544865961E-004  0.000000000000000E+000
   216.000000000000       1.783434500676767E-004  0.000000000000000E+000
   217.000000000000       1.775215908507750E-004  0.000000000000000E+000
   218.000000000000       1.767072716266888E-004  0.000000000000000E+000
   219.000000000000       1.759003891078455E-004  0.000000000000000E+000
   220.000000000000       1.751008418846280E-004  0.000000000000000E+000
   221.000000000000       1.743085303828876E-004  0.000000000000000E+000
   222.000000000000       1.735233568226044E-004  0.000000000000000E+000
   223.000000000000       1.727452251776600E-004  0.000000000000000E+000
   224.000000000000       1.719740411366883E-004  0.000000000000000E+000
   225.000000000000       1.712097120649696E-004  0.000000000000000E+000
   226.000000000000       1.704521469673370E-004  0.000000000000000E+000
   227.000000000000       1.697012564520624E-004  0.000000000000000E+000
   228.000000000000       1.689569526956937E-004  0.000000000000000E+000
   229.000000000000       1.682191494088130E-004  0.000000000000000E+000
   230.000000000000       1.674877618026877E-004  0.000000000000000E+000
   231.000000000000       1.667627065567886E-004  0.000000000000000E+000
   232.000000000000       1.660439017871473E-004  0.000000000000000E+000
   233.000000000000       1.653312670155286E-004  0.000000000000000E+000
   234.000000000000       1.646247231393939E-004  0.000000000000000E+000
   235.000000000000       1.639241924026305E-004  0.000000000000000E+000
   236.000000000000       1.632295983670262E-004  0.000000000000000E+000
   237.000000000000       1.625408658844648E-004  0.000000000000000E+000
   238.000000000000       1.618579210698243E-004  0.000000000000000E+000
   239.000000000000       1.611806912745530E-004  0.000000000000000E+000
   240.000000000000       1.605091050609090E-004  0.000000000000000E+000
   241.000000000000       1.598430921768389E-004  0.000000000000000E+000
   242.000000000000       1.591825835314800E-004  0.000000000000000E+000
   243.000000000000       1.585275111712682E-004  0.000000000000000E+000
   244.000000000000       1.578778082566319E-004  0.000000000000000E+000
   245.000000000000       1.572334090392578E-004  0.000000000000000E+000
   246.000000000000       1.565942488399113E-004  0.000000000000000E+000
   247.000000000000       1.559602640267942E-004  0.000000000000000E+000
   248.000000000000       1.553313919944281E-004  0.000000000000000E+000
   249.000000000000       1.547075711430449E-004  0.000000000000000E+000
   250.000000000000       1.540887408584727E-004  0.000000000000000E+000
   251.000000000000       1.534748414925027E-004  0.000000000000000E+000
   252.000000000000       1.528658143437229E-004  0.000000000000000E+000
   253.000000000000       1.522616016388070E-004  0.000000000000000E+000
   254.000000000000       1.516621465142448E-004  0.000000000000000E+000
   255.000000000000       1.510673929985026E-004  0.000000000000000E+000
   256.000000000000       1.504772859946022E-004  0.000000000000000E+000
   257.000000000000       1.498917712631057E-004  0.000000000000000E+000
   258.000000000000       1.493107954054968E-004  0.000000000000000E+000
   259.000000000000       1.487343058479466E-004  0.000000000000000E+000
   260.000000000000       1.481622508254545E-004  0.000000000000000E+000
   261.000000000000       1.475945793663531E-004  0.000000000000000E+000
   262.000000000000       1.470312412771686E-004  0.000000000000000E+000
   263.000000000000       1.464721871278257E-004  0.000000000000000E+000
   264.000000000000       1.459173682371901E-004  0.000000000000000E+000
   265.000000000000       1.453667366589365E-004  0.000000000000000E+000
   266.000000000000       1.448202451677375E-004  0.000000000000000E+000
   267.000000000000       1.442778472457609E-004  0.000000000000000E+000
   268.000000000000       1.437394970694708E-004  0.000000000000000E+000
   269.000000000000       1.432051494967218E-004  0.000000000000000E+000
   270.000000000000       1.426747600541414E-004  0.000000000000000E+000
   271.000000000000       1.421482849247903E-004  0.000000000000000E+000
   272.000000000000       1.416256809360962E-004  0.000000000000000E+000
   273.000000000000       1.411069055480519E-004  0.000000000000000E+000
   274.000000000000       1.405919168416722E-004  0.000000000000000E+000
   275.000000000000       1.400806735077024E-004  0.000000000000000E+000
   276.000000000000       1.395731348355731E-004  0.000000000000000E+000
   277.000000000000       1.390692607025927E-004  0.000000000000000E+000
   278.000000000000       1.385690115633747E-004  0.000000000000000E+000
   279.000000000000       1.380723484394917E-004  0.000000000000000E+000
   280.000000000000       1.375792329093506E-004  0.000000000000000E+000
   281.000000000000       1.370896270982853E-004  0.000000000000000E+000
   282.000000000000       1.366034936688588E-004  0.000000000000000E+000
   283.000000000000       1.361207958113716E-004  0.000000000000000E+000
   284.000000000000       1.356414972345710E-004  0.000000000000000E+000
   285.000000000000       1.351655621565550E-004  0.000000000000000E+000
   286.000000000000       1.346929552958677E-004  0.000000000000000E+000
   287.000000000000       1.342236418627811E-004  0.000000000000000E+000
   288.000000000000       1.337575875507575E-004  0.000000000000000E+000
   289.000000000000       1.332947585280905E-004  0.000000000000000E+000
   290.000000000000       1.328351214297178E-004  0.000000000000000E+000
   291.000000000000       1.323786433492033E-004  0.000000000000000E+000
   292.000000000000       1.319252918308842E-004  0.000000000000000E+000
   293.000000000000       1.314750348621781E-004  0.000000000000000E+000
   294.000000000000       1.310278408660482E-004  0.000000000000000E+000
   295.000000000000       1.305836786936209E-004  0.000000000000000E+000
   296.000000000000       1.301425176169533E-004  0.000000000000000E+000
   297.000000000000       1.297043273219467E-004  0.000000000000000E+000
   298.000000000000       1.292690779014033E-004  0.000000000000000E+000
   299.000000000000       1.288367398482213E-004  0.000000000000000E+000
   300.000000000000       1.284072840487272E-004  0.000000000000000E+000
   301.000000000000       1.279806817761401E-004  0.000000000000000E+000
   302.000000000000       1.275569046841661E-004  0.000000000000000E+000
   303.000000000000       1.271359248007200E-004  0.000000000000000E+000
   304.000000000000       1.267177145217703E-004  0.000000000000000E+000
   305.000000000000       1.263022466053055E-004  0.000000000000000E+000
   306.000000000000       1.258894941654189E-004  0.000000000000000E+000
   307.000000000000       1.254794306665087E-004  0.000000000000000E+000
   308.000000000000       1.250720299175915E-004  0.000000000000000E+000
   309.000000000000       1.246672660667255E-004  0.000000000000000E+000
   310.000000000000       1.242651135955425E-004  0.000000000000000E+000
