  0.000000000000000E+000 -0.617487346038418       6.057502181994865E-017
  7.812500000000000E-003 -0.618014753915017      -2.073105408771805E-003
  1.562500000000000E-002 -0.618916208047558      -5.291203173586433E-003
  2.343750000000000E-002 -0.618518314121966      -8.565692540706587E-003
  3.125000000000000E-002 -0.619749218686197      -1.130711201508935E-002
  3.906250000000000E-002 -0.619117685165640      -1.819890216007494E-002
  4.687500000000000E-002 -0.613477102729476      -1.762930124324707E-002
  5.468750000000000E-002 -0.614833156794504      -1.646051457882764E-002
  6.250000000000000E-002 -0.617748707666036      -1.793464634923001E-002
  7.031250000000000E-002 -0.620369334595840      -2.044095076148573E-002
  7.812500000000000E-002 -0.622559620697519      -2.417704347829320E-002
  8.593750000000000E-002 -0.623351607487071      -2.814292579560926E-002
  9.375000000000000E-002 -0.623989450697709      -3.191941373102511E-002
  0.101562500000000      -0.624136394382029      -3.469811203938367E-002
  0.109375000000000      -0.624811812030566      -3.736700889032089E-002
  0.117187500000000      -0.625926016994866      -3.969788540088158E-002
  0.125000000000000      -0.627265188186267      -4.204424530193267E-002
  0.132812500000000      -0.629223609440623      -4.442252434746398E-002
  0.140625000000000      -0.631961470664607      -4.680867226928366E-002
  0.148437500000000      -0.634777549090133      -5.011782107828675E-002
  0.156250000000000      -0.639082880799060      -5.353192764519934E-002
  0.164062500000000      -0.641699725159500      -5.983508986055263E-002
  0.171875000000000      -0.644409922511554      -6.407506833672083E-002
  0.179687500000000      -0.647735945675921      -6.962788728651846E-002
  0.187500000000000      -0.651373330260316      -7.487988329470897E-002
  0.195312500000000      -0.657209014812035      -8.105467470989913E-002
  0.203125000000000      -0.663312795799070      -9.171261780686193E-002
  0.210937500000000      -0.670776582658118      -0.106356566268622     
  0.218750000000000      -0.668546723314764      -0.138702788683525     
  0.226562500000000      -0.643030369746224      -0.156158316691101     
  0.234375000000000      -0.616955387283722      -0.156371441127673     
  0.242187500000000      -0.602068272899435      -0.143751633139901     
  0.250000000000000      -0.597325852138280      -0.133274440278023     
  0.257812500000000      -0.598240936811721      -0.124924415427076     
  0.265625000000000      -0.598824994006143      -0.125141910304639     
  0.273437500000000      -0.591844561250978      -0.122160229532838     
  0.281250000000000      -0.584875977620435      -0.103220593675512     
  0.289062500000000      -0.605017570191919      -9.136731210882568E-002
  0.296875000000000      -0.619545818170826      -9.085248232654825E-002
  0.304687500000000      -0.633124793816729      -9.303696798900644E-002
  0.312500000000000      -0.643819010333119      -0.101467378421745     
  0.320312500000000      -0.650865948036451      -0.108814549382630     
  0.328125000000000      -0.656788243481249      -0.116008771656735     
  0.335937500000000      -0.661419693216370      -0.122207669155129     
  0.343750000000000      -0.667742293808472      -0.127739193019520     
  0.351562500000000      -0.676143997650551      -0.135079169740831     
  0.359375000000000      -0.682766528671620      -0.149756608580102     
  0.367187500000000      -0.682442429340259      -0.160655190454122     
  0.375000000000000      -0.682623996582650      -0.169632644807589     
  0.382812500000000      -0.683001029440021      -0.178537124959286     
  0.390625000000000      -0.680408263752004      -0.187375590320643     
  0.398437500000000      -0.677657653019186      -0.192767108537669     
  0.406250000000000      -0.675370131109429      -0.195626870650636     
  0.414062500000000      -0.675586628284839      -0.193267619361794     
  0.421875000000000      -0.685961696691030      -0.196688159955722     
  0.429687500000000      -0.692731710246324      -0.204496051238214     
  0.437500000000000      -0.697898254441775      -0.213700976920100     
  0.445312500000000      -0.700557826166932      -0.224363531896891     
  0.453125000000000      -0.701507937957695      -0.230845759173858     
  0.460937500000000      -0.705016875530705      -0.236567027867563     
  0.468750000000000      -0.710856628854109      -0.242631390885517     
  0.476562500000000      -0.720116780369541      -0.251213764820017     
  0.484375000000000      -0.725897574097409      -0.265051663753756     
  0.492187500000000      -0.730993140183359      -0.277743384507210     
  0.500000000000000      -0.736572121981475      -0.291757934344893     
  0.507812500000000      -0.742585990557053      -0.309244056427812     
  0.515625000000000      -0.739813556277459      -0.332117735278437     
  0.523437500000000      -0.734065903490351      -0.346929846119661     
  0.531250000000000      -0.729605944930707      -0.359525341267384     
  0.539062500000000      -0.726459657165361      -0.371370114200922     
  0.546875000000000      -0.724108644338353      -0.384947168332056     
  0.554687500000000      -0.719362146386551      -0.396274014085058     
  0.562500000000000      -0.717047529586138      -0.407167427423617     
  0.570312500000000      -0.716186476301174      -0.419303324704108     
  0.578125000000000      -0.716071565592428      -0.434064611953921     
  0.585937500000000      -0.713270730047961      -0.454375481074552     
  0.593750000000000      -0.703201202046695      -0.471679214572842     
  0.601562500000000      -0.692503502853037      -0.485534413323425     
  0.609375000000000      -0.681849363805317      -0.497218242875522     
  0.617187500000000      -0.671511747763414      -0.507186749332035     
  0.625000000000000      -0.661841480490373      -0.515609513497403     
  0.632812500000000      -0.653391890362667      -0.522694907752321     
  0.640625000000000      -0.646528867442733      -0.529226122177276     
  0.648437500000000      -0.641244957227481      -0.535608479182050     
  0.656250000000000      -0.637785386501568      -0.542134574542623     
  0.664062500000000      -0.637344110232340      -0.548808235276715     
  0.671875000000000      -0.639523052978046      -0.562615390631752     
  0.679687500000000      -0.638355685728179      -0.579009646369078     
  0.687500000000000      -0.635171316300013      -0.597431036100471     
  0.695312500000000      -0.629389979599476      -0.617940887670320     
  0.703125000000000      -0.619273250331813      -0.640348923243869     
  0.710937500000000      -0.601590513385979      -0.658127596550153     
  0.718750000000000      -0.588454059860273      -0.671774317155652     
  0.726562500000000      -0.575970636952639      -0.686774787844287     
  0.734375000000000      -0.562823486711286      -0.703073212779349     
  0.742187500000000      -0.548046879909735      -0.720798434870367     
  0.750000000000000      -0.529984937464680      -0.740145744449737     
  0.757812500000000      -0.505144009804639      -0.755602534683475     
  0.765625000000000      -0.483119110543300      -0.767391527196679     
  0.773437500000000      -0.460882835314508      -0.779708765930092     
  0.781250000000000      -0.436768092892949      -0.792473681752815     
  0.789062500000000      -0.409179114152751      -0.805136202095928     
  0.796875000000000      -0.375551058573928      -0.815901284724373     
  0.804687500000000      -0.337815145973714      -0.812909389933966     
  0.812500000000000      -0.310343008322068      -0.808370793427724     
  0.820312500000000      -0.283062540256959      -0.805260233924780     
  0.828125000000000      -0.253883895107081      -0.801383766039980     
  0.835937500000000      -0.221815320701208      -0.794307822862281     
  0.843750000000000      -0.186755804278919      -0.780175674469874     
  0.851562500000000      -0.153870280172339      -0.747030652826873     
  0.859375000000000      -0.147996277276136      -0.717926966377976     
  0.867187500000000      -0.142958466979580      -0.698071336357467     
  0.875000000000000      -0.138301611916507      -0.681791277048362     
  0.882812500000000      -0.134099099492382      -0.667455915100020     
  0.890625000000000      -0.130635157118041      -0.654263206016576     
  0.898437500000000      -0.128536140361513      -0.641751674541928     
  0.906250000000000      -0.130157275299349      -0.631495991910228     
  0.914062500000000      -0.130237803381903      -0.626170873395480     
  0.921875000000000      -0.128717740803738      -0.621953909491659     
  0.929687500000000      -0.126274290657577      -0.618400514721195     
  0.937500000000000      -0.123240387717481      -0.615342253364440     
  0.945312500000000      -0.119875948233226      -0.612786770861037     
  0.953125000000000      -0.116437728438717      -0.611079169357006     
  0.960937500000000      -0.111388115193782      -0.612076663190498     
  0.968750000000000      -0.103211476485562      -0.610897535626658     
  0.976562500000000      -9.495458464399033E-002 -0.608385213667802     
  0.984375000000000      -8.669019195744873E-002 -0.604913636851424     
  0.992187500000000      -7.862422901253961E-002 -0.600521219405336     
   1.00000000000000      -7.110567795619069E-002 -0.595188571084053     
   1.00781250000000      -6.478151101974960E-002 -0.588938397682373     
   1.01562500000000      -6.157603254706994E-002 -0.582178375551195     
   1.02343750000000      -5.913410658915363E-002 -0.581844821621540     
   1.03125000000000      -5.298119861767685E-002 -0.581516690960292     
   1.03906250000000      -4.520616606503857E-002 -0.580701122469529     
   1.04687500000000      -3.612961916917366E-002 -0.579166833844666     
   1.05468750000000      -2.589969313589357E-002 -0.576601871026649     
   1.06250000000000      -1.465342551983674E-002 -0.572550923057920     
   1.07031250000000      -2.661179451503808E-003 -0.566229135758795     
   1.07812500000000       7.921739781331960E-003 -0.555143676445103     
   1.08593750000000       1.366572322002838E-002 -0.546780673864259     
   1.09375000000000       2.088761943385137E-002 -0.539297194882333     
   1.10156250000000       2.888174224750203E-002 -0.531079336525492     
   1.10937500000000       3.716400834529601E-002 -0.521440503770755     
   1.11718750000000       4.516389556419866E-002 -0.509849358511530     
   1.12500000000000       5.208788642901596E-002 -0.495786191477659     
   1.13281250000000       5.663736913012006E-002 -0.478563804211883     
   1.14062500000000       5.496233393349770E-002 -0.455771590524029     
   1.14843750000000       3.965176897395875E-002 -0.445290626830449     
   1.15625000000000       3.094699946042333E-002 -0.441284120859606     
   1.16406250000000       2.483302617255521E-002 -0.439099882738729     
   1.17187500000000       2.040774955833818E-002 -0.438002487243486     
   1.17968750000000       1.726299965836861E-002 -0.437702729713111     
   1.18750000000000       1.519864984459562E-002 -0.438099983938491     
   1.19531250000000       1.417268481007450E-002 -0.439241092387204     
   1.20312500000000       1.443900606829150E-002 -0.441438556147385     
   1.21093750000000       1.899244912178974E-002 -0.444166038957465     
   1.21875000000000       2.378625081889458E-002 -0.442590866431334     
   1.22656250000000       2.768821526847150E-002 -0.440324423417278     
   1.23437500000000       3.116337311138935E-002 -0.437694369172840     
   1.24218750000000       3.430905260443842E-002 -0.434828319099928     
   1.25000000000000       3.712678873950716E-002 -0.431824703209196     
   1.25781250000000       3.956921907936652E-002 -0.428800682604471     
   1.26562500000000       4.154259929227968E-002 -0.425944652607579     
   1.27343750000000       4.285938196020589E-002 -0.423680945819251     
   1.28125000000000       4.445711577817056E-002 -0.424165846892421     
   1.28906250000000       4.926335826446975E-002 -0.423797768189326     
   1.29687500000000       5.450426999362403E-002 -0.422188819706822     
   1.30468750000000       5.992628698488942E-002 -0.419724889075342     
   1.31250000000000       6.539171452227539E-002 -0.416525120977781     
   1.32031250000000       7.078458886006869E-002 -0.412649793342875     
   1.32812500000000       7.598596985552278E-002 -0.408146657570009     
   1.33593750000000       8.085707081969881E-002 -0.403077777004046     
   1.34375000000000       8.520833415646652E-002 -0.397561528134338     
   1.35156250000000       8.861649958104598E-002 -0.391986449161442     
   1.35937500000000       9.269685145510129E-002 -0.387789709592310     
   1.36718750000000       9.769519464440916E-002 -0.382449650566641     
   1.37500000000000       0.102777240412724      -0.376085760541560     
   1.38281250000000       0.107672814378749      -0.368686703738862     
   1.39062500000000       0.112145803215658      -0.360214964153582     
   1.39843750000000       0.115941289559697      -0.350622847933155     
   1.40625000000000       0.118749762064903      -0.339849199181719     
   1.41406250000000       0.120145946707149      -0.327794951656116     
   1.42187500000000       0.119402291243010      -0.314223463853465     
   1.42968750000000       0.113946550942874      -0.297812983929307     
   1.43750000000000       0.100773102751263      -0.290973658161222     
   1.44531250000000       9.231278461374985E-002 -0.287731980723217     
   1.45312500000000       8.556824702662286E-002 -0.285578203073526     
   1.46093750000000       7.990000557118966E-002 -0.284099007011974     
   1.46875000000000       7.500727908349378E-002 -0.283118158273179     
   1.47656250000000       7.071626582957366E-002 -0.282551520058147     
   1.48437500000000       6.691714738567361E-002 -0.282367158577318     
   1.49218750000000       6.354050083851354E-002 -0.282576891596412     
   1.50000000000000       6.055261892607260E-002 -0.283253796458816     
   1.50781250000000       5.798668922612505E-002 -0.284641962642920     
   1.51562500000000       5.725234772040397E-002 -0.286998087791147     
   1.52343750000000       5.751452732869866E-002 -0.287970561703582     
   1.53125000000000       5.790970824020106E-002 -0.288487783674742     
   1.53906250000000       5.845304735864363E-002 -0.288743648746507     
   1.54687500000000       5.913711833420646E-002 -0.288818494274651     
   1.55468750000000       5.995394658994548E-002 -0.288763087654412     
   1.56250000000000       6.090059446777796E-002 -0.288619728609493     
   1.57031250000000       6.198402183644109E-002 -0.288432835386218     
   1.57812500000000       6.323035272233928E-002 -0.288259890165923     
   1.58593750000000       6.471076064564799E-002 -0.288194244015390     
   1.59375000000000       6.666386532110349E-002 -0.288460766754291     
   1.60156250000000       7.063395631079875E-002 -0.288187622054438     
   1.60937500000000       7.405130751368412E-002 -0.285992207738224     
   1.61718750000000       7.693827977875792E-002 -0.283315954344923     
   1.62500000000000       7.946100869062307E-002 -0.280302115751435     
   1.63281250000000       8.166883972575287E-002 -0.277012006042705     
   1.64062500000000       8.357452763134872E-002 -0.273482871309172     
   1.64843750000000       8.517203948858555E-002 -0.269742110544206     
   1.65625000000000       8.644113849487325E-002 -0.265812864805067     
   1.66406250000000       8.734560954714943E-002 -0.261716992039004     
   1.67187500000000       8.782271910414707E-002 -0.257477225706840     
   1.67968750000000       8.774252546288426E-002 -0.253119055223325     
   1.68750000000000       8.642548874111312E-002 -0.248811334119958     
   1.69531250000000       8.524270813581203E-002 -0.246377811641435     
   1.70312500000000       8.473883374973105E-002 -0.243889796491799     
   1.71093750000000       8.444641271925052E-002 -0.241284573633167     
   1.71875000000000       8.422201868998280E-002 -0.238547857205971     
   1.72656250000000       8.398215741789959E-002 -0.235675379639845     
   1.73437500000000       8.366440895200790E-002 -0.232667074426552     
   1.74218750000000       8.321359751126250E-002 -0.229525057601120     
   1.75000000000000       8.257359437989520E-002 -0.226252415341605     
   1.75781250000000       8.167852201393157E-002 -0.222851701675740     
   1.76562500000000       8.043607649822385E-002 -0.219321476838165     
   1.77343750000000       7.867565407519858E-002 -0.215643538112417     
   1.78125000000000       7.560936942222382E-002 -0.211640441211035     
   1.78906250000000       7.186293517375397E-002 -0.210522697185739     
   1.79687500000000       6.942748643334269E-002 -0.209658215662904     
   1.80468750000000       6.746527777207841E-002 -0.208816920144069     
   1.81250000000000       6.577642857793989E-002 -0.207965246139141     
   1.82031250000000       6.426182687606904E-002 -0.207094590202935     
   1.82812500000000       6.286057821006324E-002 -0.206204712605119     
   1.83593750000000       6.153028612409207E-002 -0.205299398652434     
   1.84375000000000       6.023856041274733E-002 -0.204385144115049     
   1.85156250000000       5.895844263976050E-002 -0.203471053910272     
   1.85937500000000       5.766510826780800E-002 -0.202569707562857     
   1.86718750000000       5.633182871732522E-002 -0.201699820312283     
   1.87500000000000       5.491874980974724E-002 -0.200895584194935     
   1.88281250000000       5.336277022538103E-002 -0.200378750483204     
   1.89062500000000       5.216130754759688E-002 -0.200087895057048     
   1.89843750000000       5.111774100571166E-002 -0.199746678173741     
   1.90625000000000       5.016007645668018E-002 -0.199370520796846     
   1.91406250000000       4.925798586145784E-002 -0.198966706689312     
   1.92187500000000       4.839327085865495E-002 -0.198540321853188     
   1.92968750000000       4.755339341020962E-002 -0.198095435079305     
   1.93750000000000       4.672916356098889E-002 -0.197635562718370     
   1.94531250000000       4.591381934770548E-002 -0.197163935471660     
   1.95312500000000       4.510281952558378E-002 -0.196683742350969     
   1.96093750000000       4.429427349011248E-002 -0.196198539367452     
   1.96875000000000       4.349041831238298E-002 -0.195713381763809     
   1.97656250000000       4.270181474387973E-002 -0.195239699091251     
   1.98437500000000       4.196764320174923E-002 -0.194880818441793     
   1.99218750000000       4.171486986549112E-002 -0.194124713961127     
   2.00000000000000       4.112754993219132E-002 -0.192924924663644     
   2.00781250000000       4.022707449823051E-002 -0.191519361945618     
   2.01562500000000       3.900196731339409E-002 -0.189962536196369     
   2.02343750000000       3.741801701625948E-002 -0.188273020243078     
   2.03125000000000       3.541568159926700E-002 -0.186451508519515     
   2.03906250000000       3.289993271418757E-002 -0.184486260411869     
   2.04687500000000       2.972108187008140E-002 -0.182356347576985     
   2.05468750000000       2.564076187314865E-002 -0.180036448338097     
   2.06250000000000       2.026841118448039E-002 -0.177506124515042     
   2.07031250000000       1.292523768985703E-002 -0.174767821287686     
   2.07812500000000       2.279205358550267E-003 -0.171892481353107     
   2.08593750000000      -1.502875315039715E-002 -0.169268646575710     
   2.09375000000000      -5.676331780010226E-002 -0.175754947039811     
   2.10156250000000      -7.233101072435118E-002 -0.234724506669406     
   2.10937500000000      -4.577009441077519E-002 -0.281871770522260     
   2.11718750000000      -4.462795712497905E-003 -0.298381162073083     
   2.12500000000000       2.797715755434036E-002 -0.292828457108401     
   2.13281250000000       4.741413130160451E-002 -0.279867252670755     
   2.14062500000000       5.767534816757647E-002 -0.266821127787476     
   2.14843750000000       6.257643656442444E-002 -0.255872176117143     
   2.15625000000000       6.451366672254673E-002 -0.247252170291033     
   2.16406250000000       6.483459843977898E-002 -0.240660027360344     
   2.17187500000000       6.428219998693233E-002 -0.235730089677327     
   2.17968750000000       6.327008156475293E-002 -0.232160358802043     
   2.18750000000000       6.203226492606127E-002 -0.229739613637591     
   2.19531250000000       6.070132712173257E-002 -0.228360754837548     
   2.20312500000000       5.934058696613678E-002 -0.228098568403992     
   2.21093750000000       5.890658902471099E-002 -0.229953791715027     
   2.21875000000000       6.062514876369041E-002 -0.230906885520989     
   2.22656250000000       6.245012204933256E-002 -0.231229271437507     
   2.23437500000000       6.432141153414828E-002 -0.231273573161842     
   2.24218750000000       6.622109305296858E-002 -0.231154862700648     
   2.25000000000000       6.814405893954388E-002 -0.230929406525463     
   2.25781250000000       7.009192271364906E-002 -0.230629759101320     
   2.26562500000000       7.207103059411334E-002 -0.230276329811454     
   2.27343750000000       7.409184068064985E-002 -0.229881937951229     
   2.28125000000000       7.616894688661385E-002 -0.229453507362571     
   2.28906250000000       7.832153716554753E-002 -0.228992186063422     
   2.29687500000000       8.057432189387687E-002 -0.228492177961205     
   2.30468750000000       8.295930904156806E-002 -0.227937894040670     
   2.31250000000000       8.551987478405725E-002 -0.227297704753466     
   2.32031250000000       8.832406392547572E-002 -0.226506825087374     
   2.32812500000000       9.157427521340024E-002 -0.225355898635408     
   2.33593750000000       9.433114845315008E-002 -0.223162035390955     
   2.34375000000000       9.664591486789892E-002 -0.221159000485071     
   2.35156250000000       9.882968230578561E-002 -0.219173829729551     
   2.35937500000000       0.100931248678413      -0.217164024576106     
   2.36718750000000       0.102970919117405      -0.215106815421832     
   2.37500000000000       0.104958028937085      -0.212985786855154     
   2.38281250000000       0.106895983681124      -0.210786962629625     
   2.39062500000000       0.108784127960906      -0.208497133582894     
   2.39843750000000       0.110618420867382      -0.206102887880032     
   2.40625000000000       0.112391486332335      -0.203589817047079     
   2.41406250000000       0.114092166320149      -0.200941585927088     
   2.42187500000000       0.115704441695257      -0.198138482238491     
   2.42968750000000       0.117205186419518      -0.195154631585496     
   2.43750000000000       0.118559073929412      -0.191951507473024     
   2.44531250000000       0.119703916876831      -0.188458075198850     
   2.45312500000000       0.120472312631688      -0.184455675066352     
   2.46093750000000       0.119602704457233      -0.180601688481615     
   2.46875000000000       0.118817938058611      -0.177872531234417     
   2.47656250000000       0.118169984498355      -0.175467377837962     
   2.48437500000000       0.117598439476327      -0.173264590086492     
   2.49218750000000       0.117078018663637      -0.171210082032299     
   2.50000000000000       0.116594765915228      -0.169272976470113     
   2.53125000000000       0.114890310335587      -0.162384303820072     
   2.56250000000000       0.113376450515521      -0.156563795705156     
   2.59375000000000       0.112351256714859      -0.152250233137482     
   2.62500000000000       0.113021183364663      -0.147343555064124     
   2.65625000000000       0.113489844592083      -0.141640385624452     
   2.68750000000000       0.113484040975015      -0.135356575060210     
   2.71875000000000       0.112500110547706      -0.128358383043745     
   2.75000000000000       0.108688752649463      -0.122661439698351     
   2.78125000000000       0.105897582149122      -0.119095836815473     
   2.81250000000000       0.103743315446046      -0.116046890708428     
   2.84375000000000       0.102052053354653      -0.113380396455147     
   2.87500000000000       0.101156366861781      -0.111282376727726     
   2.90625000000000       0.101124771444496      -0.107922619422333     
   2.93750000000000       0.100553462003902      -0.104182199564572     
   2.96875000000000       9.962946632342617E-002 -0.100279646394055     
   3.00000000000000       9.829049595108369E-002 -9.625188138029007E-002
   3.03125000000000       9.598472208937527E-002 -9.217324573111507E-002
   3.06250000000000       9.351889850079628E-002 -8.947982211908229E-002
   3.09375000000000       9.141571417359365E-002 -8.696074179811417E-002
   3.12500000000000       8.936981676230325E-002 -8.453008599363619E-002
   3.15625000000000       8.722387785125581E-002 -8.217321268165259E-002
   3.18750000000000       8.459391379392277E-002 -7.990896057936610E-002
   3.21875000000000       8.203020397487075E-002 -7.913509379442790E-002
   3.25000000000000       8.028072256746505E-002 -7.838932218787356E-002
   3.28125000000000       7.887310628931560E-002 -7.765505668594012E-002
   3.31250000000000       7.773271283680874E-002 -7.694705330382694E-002
   3.34375000000000       7.688630604633157E-002 -7.628888438776009E-002
   3.37500000000000       7.658127078350768E-002 -7.532494113940350E-002
   3.40625000000000       7.602322442733166E-002 -7.396324966623773E-002
   3.43750000000000       7.534498276081938E-002 -7.257335015791415E-002
   3.46875000000000       7.458469631459139E-002 -7.117209912265643E-002
   3.50000000000000       7.372955433325405E-002 -6.976972180480898E-002
   3.53125000000000       7.268691359737817E-002 -6.837619389461194E-002
   3.56250000000000       7.150603213654684E-002 -6.748814926876964E-002
   3.59375000000000       7.066309832691628E-002 -6.668963358047408E-002
   3.62500000000000       6.994912205076390E-002 -6.589608682599220E-002
   3.65625000000000       6.933024187019950E-002 -6.511281243231165E-002
   3.68750000000000       6.880467588793424E-002 -6.434915780710911E-002
   3.71875000000000       6.842998548875305E-002 -6.363379653682111E-002
   3.75000000000000       6.828326851150401E-002 -6.262420803111801E-002
   3.78125000000000       6.795920531490780E-002 -6.148939590687350E-002
   3.81250000000000       6.755784764385452E-002 -6.032506009181477E-002
   3.84375000000000       6.708890781407549E-002 -5.914173550642611E-002
   3.87500000000000       6.654173823765103E-002 -5.794406608006861E-002
   3.90625000000000       6.587065590708513E-002 -5.673100827986452E-002
   3.93750000000000       6.494242480666078E-002 -5.575421034973478E-002
   3.96875000000000       6.422818762739418E-002 -5.499291072616998E-002
   4.00000000000000       6.360461170152115E-002 -5.424706855032306E-002
   4.03125000000000       6.303079521083588E-002 -5.351323751080512E-002
   4.06250000000000       6.248992127918120E-002 -5.279285556630537E-002
   4.09375000000000       6.197319588557901E-002 -5.209143996004790E-002
   4.12500000000000       6.148154454211333E-002 -5.143508532599397E-002
   4.15625000000000       6.108812935584545E-002 -5.076098269424357E-002
   4.18750000000000       6.069263454744696E-002 -5.004953930547820E-002
   4.21875000000000       6.029120913625647E-002 -4.932426291498126E-002
   4.25000000000000       5.987634338220536E-002 -4.859138076738979E-002
   4.28125000000000       5.943594606554543E-002 -4.785443727896528E-002
   4.31250000000000       5.894431506501580E-002 -4.711593898840187E-002
   4.34375000000000       5.825837723278402E-002 -4.641371413529527E-002
   4.37500000000000       5.767983470879075E-002 -4.610519798035650E-002
   4.40625000000000       5.729322540880424E-002 -4.580158406236104E-002
   4.43750000000000       5.701764167374497E-002 -4.550216829114825E-002
   4.46875000000000       5.684145005219728E-002 -4.520858834919227E-002
   4.50000000000000       5.677446091166979E-002 -4.492378070056731E-002
   4.53125000000000       5.685527385481968E-002 -4.465340500636952E-002
   4.56250000000000       5.724015802932168E-002 -4.441534685826557E-002
   4.59375000000000       5.799346570168391E-002 -4.340196841520260E-002
   4.62500000000000       5.820534084499936E-002 -4.215459301979967E-002
   4.65625000000000       5.819765526918832E-002 -4.088213206546829E-002
   4.68750000000000       5.802258769369752E-002 -3.959282290135201E-002
   4.71875000000000       5.768922016038780E-002 -3.829055742213083E-002
   4.75000000000000       5.718000289438918E-002 -3.697724456030852E-002
   4.78125000000000       5.642998652444287E-002 -3.565234955878920E-002
   4.81250000000000       5.504683908036274E-002 -3.450840776342932E-002
   4.84375000000000       5.394717370049954E-002 -3.424529690101105E-002
   4.87500000000000       5.316351944189465E-002 -3.399856660499909E-002
   4.90625000000000       5.252508105200367E-002 -3.375954248037632E-002
   4.93750000000000       5.198166928269426E-002 -3.352627332451619E-002
   4.96875000000000       5.150925256457010E-002 -3.329838245807061E-002
   5.00000000000000       5.109434507463705E-002 -3.307642580611622E-002
   5.03125000000000       5.072934309717154E-002 -3.286231769211110E-002
   5.06250000000000       5.041917390349686E-002 -3.266276603230701E-002
   5.09375000000000       5.016410549873564E-002 -3.244636581896884E-002
   5.12500000000000       4.994118006862253E-002 -3.222410207800747E-002
   5.15625000000000       4.975142643595743E-002 -3.200031416179829E-002
   5.18750000000000       4.959587864177249E-002 -3.177660391947091E-002
   5.21875000000000       4.947711948377959E-002 -3.155409173581580E-002
   5.25000000000000       4.940072855311578E-002 -3.133392058636488E-002
   5.28125000000000       4.937942222785800E-002 -3.111775658364832E-002
   5.31250000000000       4.945689915899440E-002 -3.090991364509665E-002
   5.34375000000000       4.966822691015368E-002 -3.048559140280846E-002
   5.37500000000000       4.973197311184015E-002 -2.998104219516226E-002
   5.40625000000000       4.974716940571260E-002 -2.947127119796655E-002
   5.43750000000000       4.973326072845198E-002 -2.895849652198013E-002
   5.46875000000000       4.969744085009049E-002 -2.844387093896300E-002
   5.50000000000000       4.964199354144705E-002 -2.792819718065055E-002
   5.53125000000000       4.956523563973245E-002 -2.741214571954905E-002
   5.56250000000000       4.945846822037474E-002 -2.689637382551326E-002
   5.59375000000000       4.927583134348994E-002 -2.638167282559720E-002
   5.62500000000000       4.907670175301130E-002 -2.607918153125606E-002
   5.65625000000000       4.900733481411849E-002 -2.578983497323718E-002
   5.68750000000000       4.899951633881718E-002 -2.550133170880975E-002
   5.71875000000000       4.904576198978129E-002 -2.521411867138359E-002
   5.75000000000000       4.914841272618884E-002 -2.492878174868681E-002
   5.78125000000000       4.931678860631832E-002 -2.464615586481201E-002
   5.81250000000000       4.956999363315043E-002 -2.436757723424691E-002
   5.84375000000000       4.994852809283821E-002 -2.409561542786848E-002
   5.87500000000000       5.057609590187673E-002 -2.383781769571203E-002
   5.90625000000000       5.165709408602329E-002 -2.294485561477197E-002
   5.93750000000000       5.218614731356869E-002 -2.168917280272301E-002
   5.96875000000000       5.248718697656689E-002 -2.041659079090697E-002
   6.00000000000000       5.263621518646514E-002 -1.913331243654327E-002
   6.03125000000000       5.266227247316930E-002 -1.784239741864430E-002
   6.06250000000000       5.257845447061937E-002 -1.654585668063353E-002
   6.09375000000000       5.238906521386516E-002 -1.524520979117029E-002
   6.12500000000000       5.209055315612775E-002 -1.394169303813131E-002
   6.15625000000000       5.166617487797347E-002 -1.263629553419438E-002
   6.18750000000000       5.103563516529307E-002 -1.132898803940300E-002
   6.21875000000000       5.028087849394877E-002 -1.038340769279571E-002
   6.25000000000000       4.966422090347646E-002 -9.467423014045021E-003
   6.28125000000000       4.905692214995173E-002 -8.552851592217515E-003
   6.31250000000000       4.843246307372463E-002 -7.639312155861327E-003
   6.34375000000000       4.777558190315336E-002 -6.726761699038021E-003
   6.37500000000000       4.707331042547920E-002 -5.815292177115707E-003
   6.40625000000000       4.631103405399745E-002 -4.905072431160862E-003
   6.43750000000000       4.546799054996017E-002 -3.996327815915300E-003
   6.46875000000000       4.450638476880536E-002 -3.089327104397870E-003
   6.50000000000000       4.331556898782672E-002 -2.184268329041843E-003
   6.53125000000000       4.179090857970000E-002 -1.852440080917869E-003
   6.56250000000000       4.071366538067488E-002 -1.755379367329450E-003
   6.59375000000000       3.979181081771706E-002 -1.659292241543039E-003
   6.62500000000000       3.896158361363890E-002 -1.563844121357087E-003
   6.65625000000000       3.819531628699380E-002 -1.468888040504984E-003
   6.68750000000000       3.747704511442658E-002 -1.374342098727912E-003
   6.71875000000000       3.679599785144060E-002 -1.280156819988540E-003
   6.75000000000000       3.614391119814756E-002 -1.186303352142731E-003
   6.78125000000000       3.551337078924441E-002 -1.092770357441826E-003
   6.81250000000000       3.489558652557034E-002 -9.995705043912206E-004
   6.84375000000000       3.426631566303282E-002 -9.068151588806127E-004
   6.87500000000000       3.365290918861093E-002 -8.982905065237544E-004
   6.90625000000000       3.309942521655158E-002 -8.915870760106613E-004
   6.93750000000000       3.257804217595721E-002 -8.848336164484221E-004
   6.96875000000000       3.208214388170096E-002 -8.780563130583359E-004
   7.00000000000000       3.160804907557926E-002 -8.712672991166985E-004
   7.03125000000000       3.115325485971603E-002 -8.644737624510996E-004
   7.06250000000000       3.071589244557075E-002 -8.576807627720529E-004
   7.09375000000000       3.029449830117770E-002 -8.508924850844473E-004
   7.12500000000000       2.988790860753212E-002 -8.441130472442157E-004
   7.15625000000000       2.949523743364329E-002 -8.373474621326279E-004
   7.18750000000000       2.911609535158671E-002 -8.306046337180211E-004
   7.21875000000000       2.875022802908726E-002 -8.211722939859461E-004
   7.25000000000000       2.839316279433414E-002 -8.106126337590726E-004
   7.28125000000000       2.804566706400414E-002 -8.000754704644932E-004
   7.31250000000000       2.770748766885147E-002 -7.895649139196133E-004
   7.34375000000000       2.737825031108234E-002 -7.790832618524592E-004
   7.37500000000000       2.705756761648135E-002 -7.686322476574078E-004
   7.40625000000000       2.674506031126558E-002 -7.582134459456543E-004
   7.43750000000000       2.644035704173526E-002 -7.478284620521984E-004
   7.46875000000000       2.614308035685987E-002 -7.374790234012805E-004
   7.50000000000000       2.585280709833729E-002 -7.271669511187225E-004
   7.53125000000000       2.556893893604310E-002 -7.168936996765871E-004
   7.56250000000000       2.528982201587830E-002 -7.066555983392895E-004
   7.59375000000000       2.501611610239318E-002 -7.036941647952726E-004
   7.62500000000000       2.475437647951168E-002 -7.018660328776061E-004
   7.65625000000000       2.450174453038346E-002 -7.000855190108196E-004
   7.68750000000000       2.425788029968324E-002 -6.983602635086589E-004
   7.71875000000000       2.402291922703319E-002 -6.967039046478569E-004
   7.75000000000000       2.379736886116831E-002 -6.951372709304045E-004
   7.78125000000000       2.358222238661135E-002 -6.936925052472460E-004
   7.81250000000000       2.337927721468855E-002 -6.924219417307913E-004
   7.84375000000000       2.319189732321438E-002 -6.914185636258216E-004
   7.87500000000000       2.302709517962379E-002 -6.908717423151283E-004
   7.90625000000000       2.290306017159060E-002 -6.912701237726256E-004
   7.93750000000000       2.290063722890870E-002 -6.948067327293003E-004
   7.96875000000000       2.273374293729047E-002  1.064534211909097E-018
   8.00000000000000       2.225400237483094E-002 -4.082161490317355E-019
   8.03125000000000       2.192334609789135E-002  6.694755918472617E-020
   8.06250000000000       2.163717947057354E-002  7.107969202330999E-020
   8.09375000000000       2.137429629318477E-002  8.023263912713805E-019
   8.12500000000000       2.112658743382525E-002  3.924394960241475E-019
   8.15625000000000       2.089004119382818E-002 -1.916067876860224E-018
   8.18750000000000       2.066235316566835E-002 -9.794540735337529E-019
   8.21875000000000       2.044206042674397E-002  2.547135151337199E-019
   8.25000000000000       2.022816432002672E-002 -1.671280229263677E-018
   8.28125000000000       2.001994417273537E-002 -5.297354775371093E-019
   8.31250000000000       1.981685651268188E-002 -1.816616328443668E-019
   8.34375000000000       1.961847658255903E-002 -1.754873447867710E-018
   8.37500000000000       1.942446245334886E-002  7.678646933018198E-019
   8.40625000000000       1.923453199313704E-002 -1.284142738701414E-018
   8.43750000000000       1.904844749472838E-002  7.058084560089798E-019
   8.46875000000000       1.886600510650614E-002 -1.176175698265181E-018
   8.50000000000000       1.868702733904692E-002 -2.340456375574271E-019
   8.53125000000000       1.851135763485550E-002 -4.780185426008066E-019
   8.56250000000000       1.833885634096419E-002 -9.259069697048097E-019
   8.59375000000000       1.816939768007355E-002 -1.564442078954946E-018
   8.62500000000000       1.800286740297967E-002  1.667931496355078E-019
   8.65625000000000       1.783916097680065E-002 -1.565656451453476E-018
   8.68750000000000       1.767818215130804E-002  9.393701162562306E-019
   8.71875000000000       1.751984178756978E-002 -6.617338641325304E-019
   8.75000000000000       1.736405694636300E-002 -3.761883973516722E-019
   8.78125000000000       1.721075009865166E-002  3.090533668412843E-019
   8.81250000000000       1.705984851440332E-002 -1.159396648612032E-019
   8.84375000000000       1.691128370951358E-002  7.130360226258150E-019
   8.87500000000000       1.676499102376816E-002 -1.508347434441944E-018
   8.90625000000000       1.662090922072395E-002  1.659234636996093E-018
   8.93750000000000       1.647898017677579E-002 -5.924461225903389E-019
   8.96875000000000       1.633914859678822E-002  7.774796628869882E-019
   9.00000000000000       1.620136176948117E-002  6.247024101616712E-019
   9.03125000000000       1.606556936046344E-002  2.170816223478151E-019
   9.06250000000000       1.593172322151805E-002 -1.248581149972922E-018
   9.09375000000000       1.579977722655591E-002  1.120391976376149E-018
   9.12500000000000       1.566968713264070E-002 -1.584357776352742E-019
   9.15625000000000       1.554141044229508E-002  1.032115537662567E-019
   9.18750000000000       1.541490628755613E-002  5.461091833152240E-019
   9.21875000000000       1.529013533370937E-002  5.245955732649090E-019
   9.25000000000000       1.516705967347730E-002 -5.060762864590032E-019
   9.28125000000000       1.504564274561861E-002  4.970362785374726E-019
   9.31250000000000       1.492584926345196E-002 -6.887343326225343E-019
   9.34375000000000       1.480764513332694E-002 -1.719320290549266E-019
   9.37500000000000       1.469099739839887E-002 -5.585416141260180E-019
   9.40625000000000       1.457587416771424E-002  1.902382176033017E-019
   9.43750000000000       1.446224457479815E-002  2.940022625726628E-019
   9.46875000000000       1.435007871844492E-002 -7.271930770864881E-019
   9.50000000000000       1.423934761778209E-002 -9.784588311989815E-019
   9.53125000000000       1.413002316307461E-002  8.445153498850419E-019
   9.56250000000000       1.402207808555582E-002 -4.195385543024723E-020
   9.59375000000000       1.391548591520931E-002  1.052334045883231E-018
   9.62500000000000       1.381022093883795E-002  2.981540165049431E-019
   9.65625000000000       1.370625818036054E-002 -2.760927126141286E-019
   9.68750000000000       1.360357335318077E-002  4.012725217353948E-019
   9.71875000000000       1.350214284787250E-002  8.027964119184809E-020
   9.75000000000000       1.340194369635519E-002 -4.236375670006374E-019
   9.78125000000000       1.330295354271769E-002 -5.429781722336474E-019
   9.81250000000000       1.320515062647242E-002  1.006776715573503E-019
   9.84375000000000       1.310851375801890E-002  9.951853905308864E-019
   9.87500000000000       1.301302229707497E-002  4.733312975798730E-019
   9.90625000000000       1.291865612334004E-002 -1.084358270880251E-019
   9.93750000000000       1.282539563330590E-002  3.680335668192960E-019
   9.96875000000000       1.273322170924452E-002 -3.139002578646607E-019
   10.0000000000000       1.264211570752426E-002  8.737359447956977E-020
   11.0000000000000       1.149283246138569E-002  0.000000000000000E+000
   12.0000000000000       1.053509642293688E-002  0.000000000000000E+000
   13.0000000000000       9.724704390403276E-003  0.000000000000000E+000
   14.0000000000000       9.030082648231614E-003  0.000000000000000E+000
   15.0000000000000       8.428077138349506E-003  0.000000000000000E+000
   16.0000000000000       7.901322317202662E-003  0.000000000000000E+000
   17.0000000000000       7.436538651484859E-003  0.000000000000000E+000
   18.0000000000000       7.023397615291255E-003  0.000000000000000E+000
   19.0000000000000       6.653745109223294E-003  0.000000000000000E+000
   20.0000000000000       6.321057853762130E-003  0.000000000000000E+000
   21.0000000000000       6.020055098821076E-003  0.000000000000000E+000
   22.0000000000000       5.746416230692845E-003  0.000000000000000E+000
   23.0000000000000       5.496572046749678E-003  0.000000000000000E+000
   24.0000000000000       5.267548211468441E-003  0.000000000000000E+000
   25.0000000000000       5.056846283009704E-003  0.000000000000000E+000
   26.0000000000000       4.862352195201638E-003  0.000000000000000E+000
   27.0000000000000       4.682265076860837E-003  0.000000000000000E+000
   28.0000000000000       4.515041324115807E-003  0.000000000000000E+000
   29.0000000000000       4.359350243973882E-003  0.000000000000000E+000
   30.0000000000000       4.214038569174753E-003  0.000000000000000E+000
   31.0000000000000       4.078101841136858E-003  0.000000000000000E+000
   32.0000000000000       3.950661158601331E-003  0.000000000000000E+000
   33.0000000000000       3.830944153795230E-003  0.000000000000000E+000
   34.0000000000000       3.718269325742429E-003  0.000000000000000E+000
   35.0000000000000       3.612033059292646E-003  0.000000000000000E+000
   36.0000000000000       3.511698807645628E-003  0.000000000000000E+000
   37.0000000000000       3.416788029060611E-003  0.000000000000000E+000
   38.0000000000000       3.326872554611647E-003  0.000000000000000E+000
   39.0000000000000       3.241568130134426E-003  0.000000000000000E+000
   40.0000000000000       3.160528926881065E-003  0.000000000000000E+000
   41.0000000000000       3.083442855493722E-003  0.000000000000000E+000
   42.0000000000000       3.010027549410538E-003  0.000000000000000E+000
   43.0000000000000       2.940026908726572E-003  0.000000000000000E+000
   44.0000000000000       2.873208115346422E-003  0.000000000000000E+000
   45.0000000000000       2.809359046116502E-003  0.000000000000000E+000
   46.0000000000000       2.748286023374839E-003  0.000000000000000E+000
   47.0000000000000       2.689811852664736E-003  0.000000000000000E+000
   48.0000000000000       2.633774105734221E-003  0.000000000000000E+000
   49.0000000000000       2.580023613780461E-003  0.000000000000000E+000
   50.0000000000000       2.528423141504852E-003  0.000000000000000E+000
   51.0000000000000       2.478846217161620E-003  0.000000000000000E+000
   52.0000000000000       2.431176097600819E-003  0.000000000000000E+000
   53.0000000000000       2.385304850476275E-003  0.000000000000000E+000
   54.0000000000000       2.341132538430418E-003  0.000000000000000E+000
   55.0000000000000       2.298566492277138E-003  0.000000000000000E+000
   56.0000000000000       2.257520662057904E-003  0.000000000000000E+000
   57.0000000000000       2.217915036407765E-003  0.000000000000000E+000
   58.0000000000000       2.179675121986941E-003  0.000000000000000E+000
   59.0000000000000       2.142731475851569E-003  0.000000000000000E+000
   60.0000000000000       2.107019284587377E-003  0.000000000000000E+000
   61.0000000000000       2.072477984840043E-003  0.000000000000000E+000
   62.0000000000000       2.039050920568429E-003  0.000000000000000E+000
   63.0000000000000       2.006685032940359E-003  0.000000000000000E+000
   64.0000000000000       1.975330579300666E-003  0.000000000000000E+000
   65.0000000000000       1.944940878080655E-003  0.000000000000000E+000
   66.0000000000000       1.915472076897615E-003  0.000000000000000E+000
   67.0000000000000       1.886882941421531E-003  0.000000000000000E+000
   68.0000000000000       1.859134662871215E-003  0.000000000000000E+000
   69.0000000000000       1.832190682249893E-003  0.000000000000000E+000
   70.0000000000000       1.806016529646323E-003  0.000000000000000E+000
   71.0000000000000       1.780579677116093E-003  0.000000000000000E+000
   72.0000000000000       1.755849403822814E-003  0.000000000000000E+000
   73.0000000000000       1.731796672263597E-003  0.000000000000000E+000
   74.0000000000000       1.708394014530305E-003  0.000000000000000E+000
   75.0000000000000       1.685615427669901E-003  0.000000000000000E+000
   76.0000000000000       1.663436277305824E-003  0.000000000000000E+000
   77.0000000000000       1.641833208769384E-003  0.000000000000000E+000
   78.0000000000000       1.620784065067213E-003  0.000000000000000E+000
   79.0000000000000       1.600267811079020E-003  0.000000000000000E+000
   80.0000000000000       1.580264463440533E-003  0.000000000000000E+000
   81.0000000000000       1.560755025620279E-003  0.000000000000000E+000
   82.0000000000000       1.541721427746861E-003  0.000000000000000E+000
   83.0000000000000       1.523146470786055E-003  0.000000000000000E+000
   84.0000000000000       1.505013774705269E-003  0.000000000000000E+000
   85.0000000000000       1.487307730296972E-003  0.000000000000000E+000
   86.0000000000000       1.470013454363286E-003  0.000000000000000E+000
   87.0000000000000       1.453116747991294E-003  0.000000000000000E+000
   88.0000000000000       1.436604057673211E-003  0.000000000000000E+000
   89.0000000000000       1.420462439047670E-003  0.000000000000000E+000
   90.0000000000000       1.404679523058251E-003  0.000000000000000E+000
   91.0000000000000       1.389243484343325E-003  0.000000000000000E+000
   92.0000000000000       1.374143011687419E-003  0.000000000000000E+000
   93.0000000000000       1.359367280378953E-003  0.000000000000000E+000
   94.0000000000000       1.344905926332368E-003  0.000000000000000E+000
   95.0000000000000       1.330749021844659E-003  0.000000000000000E+000
   96.0000000000000       1.316887052867110E-003  0.000000000000000E+000
   97.0000000000000       1.303310897682913E-003  0.000000000000000E+000
   98.0000000000000       1.290011806890231E-003  0.000000000000000E+000
   99.0000000000000       1.276981384598410E-003  0.000000000000000E+000
   100.000000000000       1.264211570752426E-003  0.000000000000000E+000
   101.000000000000       1.251694624507353E-003  0.000000000000000E+000
   102.000000000000       1.239423108580810E-003  0.000000000000000E+000
   103.000000000000       1.227389874516918E-003  0.000000000000000E+000
   104.000000000000       1.215588048800410E-003  0.000000000000000E+000
   105.000000000000       1.204011019764215E-003  0.000000000000000E+000
   106.000000000000       1.192652425238138E-003  0.000000000000000E+000
   107.000000000000       1.181506140890118E-003  0.000000000000000E+000
   108.000000000000       1.170566269215209E-003  0.000000000000000E+000
   109.000000000000       1.159827129130666E-003  0.000000000000000E+000
   110.000000000000       1.149283246138569E-003  0.000000000000000E+000
   111.000000000000       1.138929343020204E-003  0.000000000000000E+000
   112.000000000000       1.128760331028952E-003  0.000000000000000E+000
   113.000000000000       1.118771301550819E-003  0.000000000000000E+000
   114.000000000000       1.108957518203882E-003  0.000000000000000E+000
   115.000000000000       1.099314409349936E-003  0.000000000000000E+000
   116.000000000000       1.089837560993471E-003  0.000000000000000E+000
   117.000000000000       1.080522710044809E-003  0.000000000000000E+000
   118.000000000000       1.071365737925785E-003  0.000000000000000E+000
   119.000000000000       1.062362664497837E-003  0.000000000000000E+000
   120.000000000000       1.053509642293688E-003  0.000000000000000E+000
   121.000000000000       1.044802951035063E-003  0.000000000000000E+000
   122.000000000000       1.036238992420021E-003  0.000000000000000E+000
   123.000000000000       1.027814285164574E-003  0.000000000000000E+000
   124.000000000000       1.019525460284214E-003  0.000000000000000E+000
   125.000000000000       1.011369256601941E-003  0.000000000000000E+000
   126.000000000000       1.003342516470179E-003  0.000000000000000E+000
   127.000000000000       9.954421816948235E-004  0.000000000000000E+000
   128.000000000000       9.876652896503328E-004  0.000000000000000E+000
   129.000000000000       9.800089695755239E-004  0.000000000000000E+000
   130.000000000000       9.724704390403277E-004  0.000000000000000E+000
   131.000000000000       9.650470005743710E-004  0.000000000000000E+000
   132.000000000000       9.577360384488076E-004  0.000000000000000E+000
   133.000000000000       9.505350156033278E-004  0.000000000000000E+000
   134.000000000000       9.434414707107657E-004  0.000000000000000E+000
   135.000000000000       9.364530153721674E-004  0.000000000000000E+000
   136.000000000000       9.295673314356073E-004  0.000000000000000E+000
   137.000000000000       9.227821684324278E-004  0.000000000000000E+000
   138.000000000000       9.160953411249463E-004  0.000000000000000E+000
   139.000000000000       9.095047271600187E-004  0.000000000000000E+000
   140.000000000000       9.030082648231614E-004  0.000000000000000E+000
   141.000000000000       8.966039508882454E-004  0.000000000000000E+000
   142.000000000000       8.902898385580464E-004  0.000000000000000E+000
   143.000000000000       8.840640354912069E-004  0.000000000000000E+000
   144.000000000000       8.779247019114069E-004  0.000000000000000E+000
   145.000000000000       8.718700487947766E-004  0.000000000000000E+000
   146.000000000000       8.658983361317986E-004  0.000000000000000E+000
   147.000000000000       8.600078712601537E-004  0.000000000000000E+000
   148.000000000000       8.541970072651527E-004  0.000000000000000E+000
   149.000000000000       8.484641414445811E-004  0.000000000000000E+000
   150.000000000000       8.428077138349507E-004  0.000000000000000E+000
   151.000000000000       8.372262057963085E-004  0.000000000000000E+000
   152.000000000000       8.317181386529118E-004  0.000000000000000E+000
   153.000000000000       8.262820723872065E-004  0.000000000000000E+000
   154.000000000000       8.209166043846922E-004  0.000000000000000E+000
   155.000000000000       8.156203682273716E-004  0.000000000000000E+000
   156.000000000000       8.103920325336064E-004  0.000000000000000E+000
   157.000000000000       8.052302998423095E-004  0.000000000000000E+000
   158.000000000000       8.001339055395101E-004  0.000000000000000E+000
   159.000000000000       7.951016168254251E-004  0.000000000000000E+000
   160.000000000000       7.901322317202663E-004  0.000000000000000E+000
   161.000000000000       7.852245781070969E-004  0.000000000000000E+000
   162.000000000000       7.803775128101395E-004  0.000000000000000E+000
   163.000000000000       7.755899207070098E-004  0.000000000000000E+000
   164.000000000000       7.708607138734305E-004  0.000000000000000E+000
   165.000000000000       7.661888307590461E-004  0.000000000000000E+000
   166.000000000000       7.615732353930276E-004  0.000000000000000E+000
   167.000000000000       7.570129166182191E-004  0.000000000000000E+000
   168.000000000000       7.525068873526345E-004  0.000000000000000E+000
   169.000000000000       7.480541838771752E-004  0.000000000000000E+000
   170.000000000000       7.436538651484859E-004  0.000000000000000E+000
   171.000000000000       7.393050121359216E-004  0.000000000000000E+000
   172.000000000000       7.350067271816430E-004  0.000000000000000E+000
   173.000000000000       7.307581333829052E-004  0.000000000000000E+000
   174.000000000000       7.265583739956471E-004  0.000000000000000E+000
   175.000000000000       7.224066118585291E-004  0.000000000000000E+000
   176.000000000000       7.183020288366056E-004  0.000000000000000E+000
   177.000000000000       7.142438252838565E-004  0.000000000000000E+000
   178.000000000000       7.102312195238348E-004  0.000000000000000E+000
   179.000000000000       7.062634473477240E-004  0.000000000000000E+000
   180.000000000000       7.023397615291255E-004  0.000000000000000E+000
   181.000000000000       6.984594313549315E-004  0.000000000000000E+000
   182.000000000000       6.946217421716626E-004  0.000000000000000E+000
   183.000000000000       6.908259949466809E-004  0.000000000000000E+000
   184.000000000000       6.870715058437097E-004  0.000000000000000E+000
   185.000000000000       6.833576058121221E-004  0.000000000000000E+000
   186.000000000000       6.796836401894763E-004  0.000000000000000E+000
   187.000000000000       6.760489683168054E-004  0.000000000000000E+000
   188.000000000000       6.724529631661840E-004  0.000000000000000E+000
   189.000000000000       6.688950109801196E-004  0.000000000000000E+000
   190.000000000000       6.653745109223294E-004  0.000000000000000E+000
   191.000000000000       6.618908747394900E-004  0.000000000000000E+000
   192.000000000000       6.584435264335552E-004  0.000000000000000E+000
   193.000000000000       6.550319019442622E-004  0.000000000000000E+000
   194.000000000000       6.516554488414566E-004  0.000000000000000E+000
   195.000000000000       6.483136260268851E-004  0.000000000000000E+000
   196.000000000000       6.450059034451153E-004  0.000000000000000E+000
   197.000000000000       6.417317618032620E-004  0.000000000000000E+000
   198.000000000000       6.384906922992051E-004  0.000000000000000E+000
   199.000000000000       6.352821963580030E-004  0.000000000000000E+000
   200.000000000000       6.321057853762130E-004  0.000000000000000E+000
   201.000000000000       6.289609804738437E-004  0.000000000000000E+000
   202.000000000000       6.258473122536763E-004  0.000000000000000E+000
   203.000000000000       6.227643205676975E-004  0.000000000000000E+000
   204.000000000000       6.197115542904049E-004  0.000000000000000E+000
   205.000000000000       6.166885710987444E-004  0.000000000000000E+000
   206.000000000000       6.136949372584592E-004  0.000000000000000E+000
   207.000000000000       6.107302274166309E-004  0.000000000000000E+000
   208.000000000000       6.077940244002048E-004  0.000000000000000E+000
   209.000000000000       6.048859190202995E-004  0.000000000000000E+000
   210.000000000000       6.020055098821076E-004  0.000000000000000E+000
   211.000000000000       5.991524032002019E-004  0.000000000000000E+000
   212.000000000000       5.963262126190688E-004  0.000000000000000E+000
   213.000000000000       5.935265590386976E-004  0.000000000000000E+000
   214.000000000000       5.907530704450588E-004  0.000000000000000E+000
   215.000000000000       5.880053817453143E-004  0.000000000000000E+000
   216.000000000000       5.852831346076046E-004  0.000000000000000E+000
   217.000000000000       5.825859773052654E-004  0.000000000000000E+000
   218.000000000000       5.799135645653330E-004  0.000000000000000E+000
   219.000000000000       5.772655574211990E-004  0.000000000000000E+000
   220.000000000000       5.746416230692845E-004  0.000000000000000E+000
   221.000000000000       5.720414347296045E-004  0.000000000000000E+000
   222.000000000000       5.694646715101018E-004  0.000000000000000E+000
   223.000000000000       5.669110182746305E-004  0.000000000000000E+000
   224.000000000000       5.643801655144759E-004  0.000000000000000E+000
   225.000000000000       5.618718092233004E-004  0.000000000000000E+000
   226.000000000000       5.593856507754097E-004  0.000000000000000E+000
   227.000000000000       5.569213968072361E-004  0.000000000000000E+000
   228.000000000000       5.544787591019412E-004  0.000000000000000E+000
   229.000000000000       5.520574544770419E-004  0.000000000000000E+000
   230.000000000000       5.496572046749678E-004  0.000000000000000E+000
   231.000000000000       5.472777362564615E-004  0.000000000000000E+000
   232.000000000000       5.449187804967353E-004  0.000000000000000E+000
   233.000000000000       5.425800732843030E-004  0.000000000000000E+000
   234.000000000000       5.402613550224043E-004  0.000000000000000E+000
   235.000000000000       5.379623705329472E-004  0.000000000000000E+000
   236.000000000000       5.356828689628923E-004  0.000000000000000E+000
   237.000000000000       5.334226036930067E-004  0.000000000000000E+000
   238.000000000000       5.311813322489185E-004  0.000000000000000E+000
   239.000000000000       5.289588162144042E-004  0.000000000000000E+000
   240.000000000000       5.267548211468441E-004  0.000000000000000E+000
   241.000000000000       5.245691164947826E-004  0.000000000000000E+000
   242.000000000000       5.224014755175314E-004  0.000000000000000E+000
   243.000000000000       5.202516752067596E-004  0.000000000000000E+000
   244.000000000000       5.181194962100106E-004  0.000000000000000E+000
   245.000000000000       5.160047227560922E-004  0.000000000000000E+000
   246.000000000000       5.139071425822870E-004  0.000000000000000E+000
   247.000000000000       5.118265468633304E-004  0.000000000000000E+000
   248.000000000000       5.097627301421072E-004  0.000000000000000E+000
   249.000000000000       5.077154902620184E-004  0.000000000000000E+000
   250.000000000000       5.056846283009703E-004  0.000000000000000E+000
   251.000000000000       5.036699485069426E-004  0.000000000000000E+000
   252.000000000000       5.016712582350896E-004  0.000000000000000E+000
   253.000000000000       4.996883678863343E-004  0.000000000000000E+000
   254.000000000000       4.977210908474117E-004  0.000000000000000E+000
   255.000000000000       4.957692434323240E-004  0.000000000000000E+000
   256.000000000000       4.938326448251664E-004  0.000000000000000E+000
   257.000000000000       4.919111170242903E-004  0.000000000000000E+000
   258.000000000000       4.900044847877620E-004  0.000000000000000E+000
   259.000000000000       4.881125755800872E-004  0.000000000000000E+000
   260.000000000000       4.862352195201638E-004  0.000000000000000E+000
   261.000000000000       4.843722493304314E-004  0.000000000000000E+000
   262.000000000000       4.825235002871855E-004  0.000000000000000E+000
   263.000000000000       4.806888101720251E-004  0.000000000000000E+000
   264.000000000000       4.788680192244038E-004  0.000000000000000E+000
   265.000000000000       4.770609700952551E-004  0.000000000000000E+000
   266.000000000000       4.752675078016639E-004  0.000000000000000E+000
   267.000000000000       4.734874796825566E-004  0.000000000000000E+000
   268.000000000000       4.717207353553828E-004  0.000000000000000E+000
   269.000000000000       4.699671266737643E-004  0.000000000000000E+000
   270.000000000000       4.682265076860837E-004  0.000000000000000E+000
   271.000000000000       4.664987345949912E-004  0.000000000000000E+000
   272.000000000000       4.647836657178037E-004  0.000000000000000E+000
   273.000000000000       4.630811614477751E-004  0.000000000000000E+000
   274.000000000000       4.613910842162139E-004  0.000000000000000E+000
   275.000000000000       4.597132984554276E-004  0.000000000000000E+000
   276.000000000000       4.580476705624732E-004  0.000000000000000E+000
   277.000000000000       4.563940688636917E-004  0.000000000000000E+000
   278.000000000000       4.547523635800094E-004  0.000000000000000E+000
   279.000000000000       4.531224267929842E-004  0.000000000000000E+000
   280.000000000000       4.515041324115807E-004  0.000000000000000E+000
   281.000000000000       4.498973561396534E-004  0.000000000000000E+000
   282.000000000000       4.483019754441227E-004  0.000000000000000E+000
   283.000000000000       4.467178695238254E-004  0.000000000000000E+000
   284.000000000000       4.451449192790232E-004  0.000000000000000E+000
   285.000000000000       4.435830072815530E-004  0.000000000000000E+000
   286.000000000000       4.420320177456035E-004  0.000000000000000E+000
   287.000000000000       4.404918364991031E-004  0.000000000000000E+000
   288.000000000000       4.389623509557035E-004  0.000000000000000E+000
   289.000000000000       4.374434500873446E-004  0.000000000000000E+000
   290.000000000000       4.359350243973883E-004  0.000000000000000E+000
   291.000000000000       4.344369658943044E-004  0.000000000000000E+000
   292.000000000000       4.329491680658993E-004  0.000000000000000E+000
   293.000000000000       4.314715258540703E-004  0.000000000000000E+000
   294.000000000000       4.300039356300769E-004  0.000000000000000E+000
   295.000000000000       4.285462951703139E-004  0.000000000000000E+000
   296.000000000000       4.270985036325763E-004  0.000000000000000E+000
   297.000000000000       4.256604615328034E-004  0.000000000000000E+000
   298.000000000000       4.242320707222906E-004  0.000000000000000E+000
   299.000000000000       4.228132343653599E-004  0.000000000000000E+000
   300.000000000000       4.214038569174753E-004  0.000000000000000E+000
   301.000000000000       4.200038441037960E-004  0.000000000000000E+000
   302.000000000000       4.186131028981543E-004  0.000000000000000E+000
   303.000000000000       4.172315415024508E-004  0.000000000000000E+000
   304.000000000000       4.158590693264559E-004  0.000000000000000E+000
   305.000000000000       4.144955969680085E-004  0.000000000000000E+000
   306.000000000000       4.131410361936032E-004  0.000000000000000E+000
   307.000000000000       4.117952999193570E-004  0.000000000000000E+000
   308.000000000000       4.104583021923461E-004  0.000000000000000E+000
   309.000000000000       4.091299581723061E-004  0.000000000000000E+000
   310.000000000000       4.078101841136858E-004  0.000000000000000E+000
