  0.000000000000000E+000 -0.288606911024382       1.053158433325478E-006
  7.812500000000000E-003 -0.289185234011930      -1.223059276695582E-003
  1.562500000000000E-002 -0.290406806270985      -3.865006080028087E-003
  2.343750000000000E-002 -0.290222653155262      -6.711349615309174E-003
  3.125000000000000E-002 -0.291348015749294      -9.992495918294847E-003
  3.906250000000000E-002 -0.289555177362453      -1.668177946691561E-002
  4.687500000000000E-002 -0.282608491877636      -1.545732133367127E-002
  5.468750000000000E-002 -0.282783623970997      -1.358929282051837E-002
  6.250000000000000E-002 -0.284254314852518      -1.375686673978782E-002
  7.031250000000000E-002 -0.285570705851999      -1.463537148042339E-002
  7.812500000000000E-002 -0.286747380368512      -1.661854529174574E-002
  8.593750000000000E-002 -0.286624767390333      -1.834443160404097E-002
  9.375000000000000E-002 -0.286882501044152      -1.990784936049313E-002
  0.101562500000000      -0.287168260020601      -2.074859357290614E-002
  0.109375000000000      -0.287632115530490      -2.213257773074925E-002
  0.117187500000000      -0.287992380706722      -2.219534270517909E-002
  0.125000000000000      -0.289324403400788      -2.233768314675700E-002
  0.132812500000000      -0.291628810839729      -2.218994969658032E-002
  0.140625000000000      -0.295311095833140      -2.235233903735705E-002
  0.148437500000000      -0.299845264230399      -2.432263904268116E-002
  0.156250000000000      -0.305047284588030      -2.710918279656025E-002
  0.164062500000000      -0.308751965889086      -3.236690785245035E-002
  0.171875000000000      -0.312824670607588      -3.650392921125599E-002
  0.179687500000000      -0.317037730432638      -4.309053729746968E-002
  0.187500000000000      -0.320539024875458      -4.948162204507369E-002
  0.195312500000000      -0.325119181675173      -5.753546943605721E-002
  0.203125000000000      -0.328412869666276      -6.756667882979989E-002
  0.210937500000000      -0.334816996585149      -8.161501651093452E-002
  0.218750000000000      -0.330095942473463      -0.114830680528632     
  0.226562500000000      -0.301469055524959      -0.130833792411842     
  0.234375000000000      -0.272827536257252      -0.129211583560812     
  0.242187500000000      -0.254856428417922      -0.113800347252352     
  0.250000000000000      -0.248531024606827      -9.920193710840797E-002
  0.257812500000000      -0.249632811165152      -8.621063986031496E-002
  0.265625000000000      -0.253176466462334      -8.330597674460068E-002
  0.273437500000000      -0.251102038477698      -8.059730172934573E-002
  0.281250000000000      -0.245655809421891      -7.239090892251636E-002
  0.289062500000000      -0.253756490317695      -5.960291350933923E-002
  0.296875000000000      -0.263120645354692      -5.461852202145350E-002
  0.304687500000000      -0.273964894580763      -5.192465449827243E-002
  0.312500000000000      -0.283165739369600      -5.696113958052548E-002
  0.320312500000000      -0.288431873944774      -6.070790796552807E-002
  0.328125000000000      -0.292779588877846      -6.362549799539047E-002
  0.335937500000000      -0.299040047655166      -6.528960382528326E-002
  0.343750000000000      -0.306905253360823      -6.987973786094874E-002
  0.351562500000000      -0.315411935234538      -7.848883466264987E-002
  0.359375000000000      -0.315452986203337      -9.651304078630168E-002
  0.367187500000000      -0.307516939682660      -0.101865773738652     
  0.375000000000000      -0.302594948738222      -0.103393211522962     
  0.382812500000000      -0.299057921646498      -0.101950520903799     
  0.390625000000000      -0.302532134753588      -9.777532050636632E-002
  0.398437500000000      -0.308373058093395      -9.867086292725211E-002
  0.406250000000000      -0.314632383203655      -0.102406165486274     
  0.414062500000000      -0.319914829499043      -0.110832378980148     
  0.421875000000000      -0.318041730160322      -0.117073946991417     
  0.429687500000000      -0.317769122641350      -0.121020706951060     
  0.437500000000000      -0.317452438303404      -0.124512590130177     
  0.445312500000000      -0.315407020832408      -0.126026152595618     
  0.453125000000000      -0.318336326588314      -0.124410308718429     
  0.460937500000000      -0.323165460002678      -0.124590144304600     
  0.468750000000000      -0.329574931941163      -0.125715328246527     
  0.476562500000000      -0.338286657406767      -0.128644528582401     
  0.484375000000000      -0.345261257065377      -0.134454235937999     
  0.492187500000000      -0.353528836209099      -0.139322385490841     
  0.500000000000000      -0.364732833621359      -0.145751190261503     
  0.507812500000000      -0.380275388803870      -0.157765912181768     
  0.515625000000000      -0.385657134912717      -0.184468522772587     
  0.523437500000000      -0.381946316876706      -0.200545891827580     
  0.531250000000000      -0.379271057959924      -0.213007492186999     
  0.539062500000000      -0.377949878300578      -0.224118232753874     
  0.546875000000000      -0.377869071949340      -0.235821276908086     
  0.554687500000000      -0.377841130249391      -0.247475681459364     
  0.562500000000000      -0.379145819533665      -0.260528144868037     
  0.570312500000000      -0.380995410607166      -0.276409286174230     
  0.578125000000000      -0.382104508390378      -0.297134728459980     
  0.585937500000000      -0.373676896873037      -0.327030546817060     
  0.593750000000000      -0.354053830483079      -0.344354027960778     
  0.601562500000000      -0.336416389650412      -0.355858603433663     
  0.609375000000000      -0.320012393833659      -0.364220056551885     
  0.617187500000000      -0.304533477689457      -0.370244876908107     
  0.625000000000000      -0.289857116493982      -0.373584686230612     
  0.632812500000000      -0.277974267119182      -0.375168087220561     
  0.640625000000000      -0.267741423572454      -0.376325322308313     
  0.648437500000000      -0.258845754533960      -0.376824207040093     
  0.656250000000000      -0.251542254080646      -0.376082137133144     
  0.664062500000000      -0.248684019125913      -0.371945161442133     
  0.671875000000000      -0.253840414953650      -0.378181573289505     
  0.679687500000000      -0.253986758321828      -0.388366246732569     
  0.687500000000000      -0.251995096813755      -0.400719002295494     
  0.695312500000000      -0.247650953662845      -0.415269421477095     
  0.703125000000000      -0.239510607955702      -0.432062362976828     
  0.710937500000000      -0.223920564547459      -0.445990728679945     
  0.718750000000000      -0.211075190340975      -0.455718433876297     
  0.726562500000000      -0.198331561549821      -0.466401600895658     
  0.734375000000000      -0.184195900934380      -0.478035366745496     
  0.742187500000000      -0.167242455267782      -0.490393648197216     
  0.750000000000000      -0.144779270056576      -0.502267174660697     
  0.757812500000000      -0.118602639894959      -0.501900153957493     
  0.765625000000000      -0.101890275273772      -0.501116475340964     
  0.773437500000000      -8.639274687121756E-002 -0.502904476934921     
  0.781250000000000      -7.011262969713265E-002 -0.506753301456821     
  0.789062500000000      -5.112199016582888E-002 -0.512338948153310     
  0.796875000000000      -2.583071167913298E-002 -0.518516022329306     
  0.804687500000000       7.865396674661320E-003 -0.510257634273661     
  0.812500000000000       2.751369552745463E-002 -0.497044476658377     
  0.820312500000000       4.390220054669019E-002 -0.486678301018625     
  0.828125000000000       5.983404311762215E-002 -0.477883184297355     
  0.835937500000000       7.667643189106252E-002 -0.469357614981078     
  0.843750000000000       9.509167304529302E-002 -0.459244631457814     
  0.851562500000000       0.114021674532597      -0.443379306181892     
  0.859375000000000       0.125154456213503      -0.426274054366985     
  0.867187500000000       0.134852237447837      -0.411250869393950     
  0.875000000000000       0.143774373526509      -0.396811852027388     
  0.882812500000000       0.152012903134381      -0.382380583073074     
  0.890625000000000       0.159471406541298      -0.367533916739992     
  0.898437500000000       0.165852012191052      -0.351734146557130     
  0.906250000000000       0.168309266324216      -0.334111359960888     
  0.914062500000000       0.167876124121199      -0.320917131934628     
  0.921875000000000       0.167827804068935      -0.309614348460600     
  0.929687500000000       0.167965873549645      -0.299331730939805     
  0.937500000000000       0.168146187616705      -0.289707956211008     
  0.945312500000000       0.168194868333936      -0.280554996299042     
  0.953125000000000       0.167806637795695      -0.271828468500734     
  0.960937500000000       0.166418674165057      -0.264770724965620     
  0.968750000000000       0.166916222466635      -0.258932582141678     
  0.976562500000000       0.168075142803813      -0.252870841895840     
  0.984375000000000       0.169613128030037      -0.246654183643504     
  0.992187500000000       0.171423673526244      -0.240229407909063     
   1.00000000000000       0.173423375391253      -0.233486306613004     
   1.00781250000000       0.175492142019733      -0.226238184161274     
   1.01562500000000       0.177317602748502      -0.218005213453626     
   1.02343750000000       0.177023704184373      -0.210021269355178     
   1.03125000000000       0.177016224508722      -0.203132914804202     
   1.03906250000000       0.177214512510889      -0.196451652751304     
   1.04687500000000       0.177512347944367      -0.189769004553846     
   1.05468750000000       0.177808372747136      -0.182957768601335     
   1.06250000000000       0.177976811519825      -0.175907998960220     
   1.07031250000000       0.177806339949996      -0.168476982060511     
   1.07812500000000       0.176223232172038      -0.160407816290268     
   1.08593750000000       0.173824046100244      -0.154664165269559     
   1.09375000000000       0.172275879855853      -0.149396352566106     
   1.10156250000000       0.171149861837739      -0.144206827540411     
   1.10937500000000       0.170277291555520      -0.138936170845998     
   1.11718750000000       0.169526187317185      -0.133476986315297     
   1.12500000000000       0.168761268912055      -0.127741109356775     
   1.13281250000000       0.167814421867513      -0.121632262305202     
   1.14062500000000       0.166335937063643      -0.114847916908291     
   1.14843750000000       0.163134212146830      -0.108937640075945     
   1.15625000000000       0.160327770775986      -0.103886118200803     
   1.16406250000000       0.157646847036107      -9.911549220719874E-002
   1.17187500000000       0.155003727219377      -9.451700350560338E-002
   1.17968750000000       0.152339766518722      -9.003882607103894E-002
   1.18750000000000       0.149600198854720      -8.564852021288580E-002
   1.19531250000000       0.146715576578275      -8.131736282194509E-002
   1.20312500000000       0.143549071330922      -7.699476351692616E-002
   1.21093750000000       0.139333901671350      -7.303696639341442E-002
   1.21875000000000       0.135534022063175      -7.051758769027715E-002
   1.22656250000000       0.132261227544487      -6.825609396591020E-002
   1.23437500000000       0.129307769509154      -6.614623347951192E-002
   1.24218750000000       0.126596852085704      -6.414799750860965E-002
   1.25000000000000       0.124091460778254      -6.223934287679084E-002
   1.25781250000000       0.121778013721613      -6.040525322456184E-002
   1.26562500000000       0.119668760024339      -5.863197379430124E-002
   1.27343750000000       0.117837041479617      -5.689623370848625E-002
   1.28125000000000       0.116553705453016      -5.470487047223500E-002
   1.28906250000000       0.114603700272885      -5.201033515552402E-002
   1.29687500000000       0.112319646798017      -4.948992729018658E-002
   1.30468750000000       0.109824111764022      -4.716101767795958E-002
   1.31250000000000       0.107166833989606      -4.505913084225951E-002
   1.32031250000000       0.104385269653891      -4.322915900106107E-002
   1.32812500000000       0.101519128125105      -4.172791115131689E-002
   1.33593750000000       9.861970013674953E-002 -4.063435114227618E-002
   1.34375000000000       9.576576329529100E-002 -4.008544360237862E-002
   1.35156250000000       9.315081708675897E-002 -4.054130153967442E-002
   1.35937500000000       9.283725932914391E-002 -4.100656695284460E-002
   1.36718750000000       9.248355097709808E-002 -4.021803477145195E-002
   1.37500000000000       9.203596602290401E-002 -3.899762800581801E-002
   1.38281250000000       9.150092371298930E-002 -3.747304403449346E-002
   1.39062500000000       9.086317785290603E-002 -3.569499988879415E-002
   1.39843750000000       9.009523992818691E-002 -3.368688155787958E-002
   1.40625000000000       8.915683065321231E-002 -3.145779787869044E-002
   1.41406250000000       8.798730767643666E-002 -2.900413109785662E-002
   1.42187500000000       8.647731132363136E-002 -2.629659261897902E-002
   1.42968750000000       8.422510234813815E-002 -2.313768270468283E-002
   1.43750000000000       8.080200187380196E-002 -2.145330947572794E-002
   1.44531250000000       7.809030001906786E-002 -2.028680689816173E-002
   1.45312500000000       7.562194590615035E-002 -1.927449302654841E-002
   1.46093750000000       7.329943512701186E-002 -1.835808726478982E-002
   1.46875000000000       7.107650996766890E-002 -1.751165164129794E-002
   1.47656250000000       6.892509304497234E-002 -1.672048717609034E-002
   1.48437500000000       6.682481324418832E-002 -1.597454010590230E-002
   1.49218750000000       6.475750334723097E-002 -1.526511576470217E-002
   1.50000000000000       6.270106551331181E-002 -1.458156823172999E-002
   1.50781250000000       6.060921555535762E-002 -1.390097072282893E-002
   1.51562500000000       5.826087067866899E-002 -1.339342565448286E-002
   1.52343750000000       5.612169983430906E-002 -1.322473068462269E-002
   1.53125000000000       5.413871570582550E-002 -1.312391135055529E-002
   1.53906250000000       5.226274005610794E-002 -1.307220446740145E-002
   1.54687500000000       5.047320201415805E-002 -1.306360419360324E-002
   1.55468750000000       4.875887073306550E-002 -1.309611457622894E-002
   1.56250000000000       4.711329076198915E-002 -1.316992327522631E-002
   1.57031250000000       4.553333126956087E-002 -1.328709546097646E-002
   1.57812500000000       4.401915377439246E-002 -1.345221584496240E-002
   1.58593750000000       4.257610670923435E-002 -1.367496011569246E-002
   1.59375000000000       4.122556310959712E-002 -1.398277305945865E-002
   1.60156250000000       4.015873396638733E-002 -1.431101286047706E-002
   1.60937500000000       3.911503054993146E-002 -1.444296419916662E-002
   1.61718750000000       3.806280650657762E-002 -1.454709955680381E-002
   1.62500000000000       3.702146343399786E-002 -1.464543444161918E-002
   1.63281250000000       3.599937350662109E-002 -1.474679710445128E-002
   1.64062500000000       3.500195853219493E-002 -1.485612337675455E-002
   1.64843750000000       3.403384125803620E-002 -1.497679253174918E-002
   1.65625000000000       3.309997454996775E-002 -1.511163738861265E-002
   1.66406250000000       3.220682933296301E-002 -1.526370038016478E-002
   1.67187500000000       3.136469597596047E-002 -1.543737470500530E-002
   1.67968750000000       3.059503685006860E-002 -1.564179296492998E-002
   1.68750000000000       3.002293593303218E-002 -1.590134057147924E-002
   1.69531250000000       2.955283192720293E-002 -1.582521463044548E-002
   1.70312500000000       2.896866061723573E-002 -1.568103835366581E-002
   1.71093750000000       2.833271858986042E-002 -1.550516849482328E-002
   1.71875000000000       2.765937913057944E-002 -1.530856762304088E-002
   1.72656250000000       2.695429701046607E-002 -1.509741621336290E-002
   1.73437500000000       2.621962849454892E-002 -1.487608798250991E-002
   1.74218750000000       2.545552255045362E-002 -1.464814281923515E-002
   1.75000000000000       2.466049987514037E-002 -1.441680007417488E-002
   1.75781250000000       2.383113590110820E-002 -1.418525906380755E-002
   1.76562500000000       2.296059587372051E-002 -1.395704537497309E-002
   1.77343750000000       2.203304726741112E-002 -1.373664298544995E-002
   1.78125000000000       2.096048233819479E-002 -1.353342346817723E-002
   1.78906250000000       1.994509094249928E-002 -1.367128840488151E-002
   1.79687500000000       1.909725509310727E-002 -1.376230612930614E-002
   1.80468750000000       1.830268415221639E-002 -1.381532164948112E-002
   1.81250000000000       1.753257422663186E-002 -1.383653048183632E-002
   1.82031250000000       1.677165182463546E-002 -1.383010867069093E-002
   1.82812500000000       1.600936438718974E-002 -1.379904107507575E-002
   1.83593750000000       1.523690315858456E-002 -1.374553926842684E-002
   1.84375000000000       1.444562801330568E-002 -1.367125964408417E-002
   1.85156250000000       1.362569268233353E-002 -1.357739888045327E-002
   1.85937500000000       1.276400091854115E-002 -1.346466325694786E-002
   1.86718750000000       1.183946982577532E-002 -1.333295653903206E-002
   1.87500000000000       1.080507725160880E-002 -1.317970399877659E-002
   1.88281250000000       9.438917099524635E-003 -1.317362075994430E-002
   1.89062500000000       8.303388935162911E-003 -1.356446790957069E-002
   1.89843750000000       7.327551009641353E-003 -1.394330826010614E-002
   1.90625000000000       6.427866696687134E-003 -1.430693453065847E-002
   1.91406250000000       5.574205862399078E-003 -1.465647037832690E-002
   1.92187500000000       4.749969459528911E-003 -1.499344900784028E-002
   1.92968750000000       3.943970969025195E-003 -1.531933309209762E-002
   1.93750000000000       3.147483890246846E-003 -1.563545571632466E-002
   1.94531250000000       2.352751994714718E-003 -1.594306455225975E-002
   1.95312500000000       1.551913221982263E-003 -1.624343512786883E-002
   1.96093750000000       7.357555412601204E-004 -1.653813032132859E-002
   1.96875000000000      -1.086351848952637E-004 -1.682974146954840E-002
   1.97656250000000      -1.005077447774257E-003 -1.712490077474378E-002
   1.98437500000000      -2.057898670220328E-003 -1.748343498773097E-002
   1.99218750000000      -2.905139895716397E-003 -1.808188181062623E-002
   2.00000000000000      -3.702238912948699E-003 -1.856055179257208E-002
   2.00781250000000      -4.513027219396868E-003 -1.900138765900506E-002
   2.01562500000000      -5.350730363598670E-003 -1.941953253641772E-002
   2.02343750000000      -6.225916808025301E-003 -1.981691950836692E-002
   2.03125000000000      -7.152910646577118E-003 -2.018710735120665E-002
   2.03906250000000      -8.155518619723086E-003 -2.051522937168680E-002
   2.04687500000000      -9.276338362707014E-003 -2.077676871074013E-002
   2.05468750000000      -1.059360719358023E-002 -2.093742282677474E-002
   2.06250000000000      -1.225199524901616E-002 -2.095805613272851E-002
   2.07031250000000      -1.452101790659386E-002 -2.081220042296660E-002
   2.07812500000000      -1.792828257918477E-002 -2.053085074512963E-002
   2.08593750000000      -2.372854070193164E-002 -2.035169276861634E-002
   2.09375000000000      -3.807246167975660E-002 -2.398946065727410E-002
   2.10156250000000      -4.145360170164858E-002 -4.570204199569598E-002
   2.10937500000000      -2.994657194838033E-002 -6.116914108889731E-002
   2.11718750000000      -1.516108472815471E-002 -6.492149650033530E-002
   2.12500000000000      -4.753227800431485E-003 -6.185253258225184E-002
   2.13281250000000       1.052300905389431E-003 -5.711304858720571E-002
   2.14062500000000       3.948532034345594E-003 -5.274625589173732E-002
   2.14843750000000       5.223818592155659E-003 -4.921294091638333E-002
   2.15625000000000       5.616399518112537E-003 -4.647915250516634E-002
   2.16406250000000       5.524954832426624E-003 -4.440620541666021E-002
   2.17187500000000       5.165091651938330E-003 -4.286102444568547E-002
   2.17968750000000       4.655259934459788E-003 -4.174013219232812E-002
   2.18750000000000       4.060830913155000E-003 -4.097121702136575E-002
   2.19531250000000       3.415457475125954E-003 -4.051326880414576E-002
   2.20312500000000       2.724712546968298E-003 -4.037381081717270E-002
   2.21093750000000       2.171421552457242E-003 -4.085980686687782E-002
   2.21875000000000       2.241751631146067E-003 -4.124111379916602E-002
   2.22656250000000       2.371992666398435E-003 -4.147783025005568E-002
   2.23437500000000       2.527126783276193E-003 -4.166254547450977E-002
   2.24218750000000       2.696959284324869E-003 -4.182546080557364E-002
   2.25000000000000       2.878117813213326E-003 -4.198147529112649E-002
   2.25781250000000       3.070476724961037E-003 -4.213944033433984E-002
   2.26562500000000       3.275991151464875E-003 -4.230520591154956E-002
   2.27343750000000       3.498282688626013E-003 -4.248282441525963E-002
   2.28125000000000       3.742549831837918E-003 -4.267501805883930E-002
   2.28906250000000       4.015669871820620E-003 -4.288326963626431E-002
   2.29687500000000       4.326476195602035E-003 -4.310766343266682E-002
   2.30468750000000       4.686318355389324E-003 -4.334651507217135E-002
   2.31250000000000       5.110370237209922E-003 -4.359580790790467E-002
   2.32031250000000       5.621996099150638E-003 -4.384861209166430E-002
   2.32812500000000       6.290125592507502E-003 -4.409885003334203E-002
   2.33593750000000       7.072813049132909E-003 -4.403598660735324E-002
   2.34375000000000       7.722510408231596E-003 -4.390053981657898E-002
   2.35156250000000       8.334348266962601E-003 -4.372716511336325E-002
   2.35937500000000       8.925889672144983E-003 -4.351674877190700E-002
   2.36718750000000       9.504199559158166E-003 -4.326766499420413E-002
   2.37500000000000       1.007227957343165E-002 -4.297711687967706E-002
   2.38281250000000       1.063090924677332E-002 -4.264147001739847E-002
   2.39062500000000       1.117930914124439E-002 -4.225630186780396E-002
   2.39843750000000       1.171535046761767E-002 -4.181630497696528E-002
   2.40625000000000       1.223551251763676E-002 -4.131505165793205E-002
   2.41406250000000       1.273461807993331E-002 -4.074455361495314E-002
   2.42187500000000       1.320525982442048E-002 -4.009443599673381E-002
   2.42968750000000       1.363662911317461E-002 -3.935025811329541E-002
   2.43750000000000       1.401185669765835E-002 -3.848956596143958E-002
   2.44531250000000       1.430030082683398E-002 -3.746989759855943E-002
   2.45312500000000       1.441583734797291E-002 -3.616001820859911E-002
   2.46093750000000       1.362583555109823E-002 -3.490084745534058E-002
   2.46875000000000       1.288966035892545E-002 -3.427769890814497E-002
   2.47656250000000       1.224500917672821E-002 -3.383411018838180E-002
   2.48437500000000       1.165638076467014E-002 -3.350174369979893E-002
   2.49218750000000       1.110854925155151E-002 -3.325121836459469E-002
   2.50000000000000       1.059304048105150E-002 -3.306640395982066E-002
   2.53125000000000       8.769720781710467E-003 -3.283455603013666E-002
   2.56250000000000       7.245519356205602E-003 -3.332842809375358E-002
   2.59375000000000       6.575510235732654E-003 -3.507187670274587E-002
   2.62500000000000       7.482618276016892E-003 -3.576277289737780E-002
   2.65625000000000       8.274874457822819E-003 -3.583556294986250E-002
   2.68750000000000       8.981308534418494E-003 -3.552603435522256E-002
   2.71875000000000       9.478495753827759E-003 -3.480363255250270E-002
   2.75000000000000       9.106149656480256E-003 -3.418447586112173E-002
   2.78125000000000       8.960938354537439E-003 -3.413412861430406E-002
   2.81250000000000       9.015295853526322E-003 -3.413859161503154E-002
   2.84375000000000       9.198513531621509E-003 -3.411709564327636E-002
   2.87500000000000       9.445287221636019E-003 -3.403893966253752E-002
   2.90625000000000       9.786104357150532E-003 -3.393914864761686E-002
   2.93750000000000       1.020425093269314E-002 -3.371794581431437E-002
   2.96875000000000       1.065586695606715E-002 -3.334297835759218E-002
   3.00000000000000       1.109664226486701E-002 -3.274923127207700E-002
   3.03125000000000       1.127495970344439E-002 -3.164401508627342E-002
   3.06250000000000       1.068445054080710E-002 -3.101190299051701E-002
   3.09375000000000       1.018453756687377E-002 -3.071637000417212E-002
   3.12500000000000       9.711697502397055E-003 -3.060135442420614E-002
   3.15625000000000       9.230722402124433E-003 -3.066548973361966E-002
   3.18750000000000       8.664135502580316E-003 -3.108065851294356E-002
   3.21875000000000       8.856634769539377E-003 -3.188006230634999E-002
   3.25000000000000       9.282427711937607E-003 -3.234052683193472E-002
   3.28125000000000       9.835321240610076E-003 -3.265139570216357E-002
   3.31250000000000       1.050281289609390E-002 -3.282655539047975E-002
   3.34375000000000       1.130204761125188E-002 -3.283944763757199E-002
   3.37500000000000       1.213786105956951E-002 -3.240467723290517E-002
   3.40625000000000       1.261440655877203E-002 -3.190364126618305E-002
   3.43750000000000       1.299164121459139E-002 -3.142775620455810E-002
   3.46875000000000       1.329939319854113E-002 -3.095206379390444E-002
   3.50000000000000       1.353841796059276E-002 -3.046596898194697E-002
   3.53125000000000       1.367292730831335E-002 -2.995309362836306E-002
   3.56250000000000       1.364731476341010E-002 -2.962489611864435E-002
   3.59375000000000       1.372604272626354E-002 -2.938333169185202E-002
   3.62500000000000       1.383611853921572E-002 -2.916142846393816E-002
   3.65625000000000       1.396193583490517E-002 -2.895933800752323E-002
   3.68750000000000       1.409886673034965E-002 -2.878875363907356E-002
   3.71875000000000       1.425690004494430E-002 -2.870170997768336E-002
   3.75000000000000       1.467553633866233E-002 -2.859646750379262E-002
   3.78125000000000       1.507519156947241E-002 -2.830317474466609E-002
   3.81250000000000       1.543534074041521E-002 -2.792457725806218E-002
   3.84375000000000       1.574494689144120E-002 -2.747414628193072E-002
   3.87500000000000       1.598057694372464E-002 -2.695255191590391E-002
   3.90625000000000       1.607939963944668E-002 -2.634402130566388E-002
   3.93750000000000       1.580326563491929E-002 -2.592912905277660E-002
   3.96875000000000       1.574597209102632E-002 -2.580846857424492E-002
   4.00000000000000       1.581168937170762E-002 -2.569911364744509E-002
   4.03125000000000       1.595475564976771E-002 -2.557957604108328E-002
   4.06250000000000       1.615839962660485E-002 -2.543720237795286E-002
   4.09375000000000       1.641809096279161E-002 -2.525718793250395E-002
   4.12500000000000       1.676371557722014E-002 -2.498209611781069E-002
   4.15625000000000       1.692642806613678E-002 -2.456780938520752E-002
   4.18750000000000       1.704052507839312E-002 -2.423957410451336E-002
   4.21875000000000       1.714336839088092E-002 -2.394839584993980E-002
   4.25000000000000       1.724260772975274E-002 -2.368616847899794E-002
   4.28125000000000       1.734209343606492E-002 -2.345325570264667E-002
   4.31250000000000       1.744527057143151E-002 -2.325922941670113E-002
   4.34375000000000       1.758017012370699E-002 -2.316923447515052E-002
   4.37500000000000       1.790159052954738E-002 -2.301610382093056E-002
   4.40625000000000       1.821862868561905E-002 -2.277976425928740E-002
   4.43750000000000       1.853382294709803E-002 -2.250036512039478E-002
   4.46875000000000       1.884852538289038E-002 -2.218802751694940E-002
   4.50000000000000       1.916555223787010E-002 -2.184706168842498E-002
   4.53125000000000       1.949210871971430E-002 -2.147874609328575E-002
   4.56250000000000       1.985700982883288E-002 -2.107824084035942E-002
   4.59375000000000       2.021682424088823E-002 -2.049789999899068E-002
   4.62500000000000       2.044591530951531E-002 -1.989949695271858E-002
   4.65625000000000       2.061770418707693E-002 -1.929750621265174E-002
   4.68750000000000       2.074179364185012E-002 -1.868828422281727E-002
   4.71875000000000       2.081914678716562E-002 -1.806951117077592E-002
   4.75000000000000       2.084506850828004E-002 -1.743831118615554E-002
   4.78125000000000       2.080455440281684E-002 -1.678850657467183E-002
   4.81250000000000       2.059458012655301E-002 -1.613080480078461E-002
   4.84375000000000       2.036204739868596E-002 -1.569520443030656E-002
   4.87500000000000       2.018435080455157E-002 -1.529022888018609E-002
   4.90625000000000       2.002176257392596E-002 -1.489873740794091E-002
   4.93750000000000       1.985988112036660E-002 -1.451532882643798E-002
   4.96875000000000       1.968810534102646E-002 -1.413706834954389E-002
   5.00000000000000       1.949392320880570E-002 -1.376175742003470E-002
   5.03125000000000       1.925364118946098E-002 -1.338677675310962E-002
   5.06250000000000       1.884529560632344E-002 -1.306182334914832E-002
   5.09375000000000       1.853058411703297E-002 -1.301056607207151E-002
   5.12500000000000       1.833158885779829E-002 -1.297234242190534E-002
   5.15625000000000       1.819767300780777E-002 -1.294295154157110E-002
   5.18750000000000       1.811608806953887E-002 -1.292130240727746E-002
   5.21875000000000       1.808376399851037E-002 -1.290723749619671E-002
   5.25000000000000       1.810424613082035E-002 -1.290142473169617E-002
   5.28125000000000       1.819129357797623E-002 -1.290607064261904E-002
   5.31250000000000       1.839795422149589E-002 -1.292980904557574E-002
   5.34375000000000       1.878948287550750E-002 -1.269094811495810E-002
   5.37500000000000       1.899372709083865E-002 -1.233350030751606E-002
   5.40625000000000       1.912798280433677E-002 -1.196288705201737E-002
   5.43750000000000       1.921601796547825E-002 -1.158348847623758E-002
   5.46875000000000       1.926597511594741E-002 -1.119694732858775E-002
   5.50000000000000       1.927959507781465E-002 -1.080378116052289E-002
   5.53125000000000       1.925327735459586E-002 -1.040357000913042E-002
   5.56250000000000       1.917388038534641E-002 -9.994205541096474E-003
   5.59375000000000       1.897837885393059E-002 -9.564512909831523E-003
   5.62500000000000       1.869089366810949E-002 -9.409755024175945E-003
   5.65625000000000       1.855354439874114E-002 -9.301074954387457E-003
   5.68750000000000       1.847575912039546E-002 -9.203633660864213E-003
   5.71875000000000       1.844301613814660E-002 -9.114299416294748E-003
   5.75000000000000       1.845176891920592E-002 -9.031983368689276E-003
   5.78125000000000       1.850421997124070E-002 -8.956574034415826E-003
   5.81250000000000       1.860869233602385E-002 -8.888873006989005E-003
   5.84375000000000       1.878527716286022E-002 -8.831305987567128E-003
   5.87500000000000       1.909805121349289E-002 -8.792277754350855E-003
   5.90625000000000       1.968022180663704E-002 -8.436764774313278E-003
   5.93750000000000       1.998879398784016E-002 -7.867449873036201E-003
   5.96875000000000       2.017974857121164E-002 -7.280538527264738E-003
   6.00000000000000       2.029254067435950E-002 -6.682801551261219E-003
   6.03125000000000       2.034210018307140E-002 -6.077368066685677E-003
   6.06250000000000       2.033505991393694E-002 -5.466151797513511E-003
   6.09375000000000       2.027347720359210E-002 -4.850463204843016E-003
   6.12500000000000       2.015527720670978E-002 -4.231176859885642E-003
   6.15625000000000       1.997131126318173E-002 -3.608546531115042E-003
   6.18750000000000       1.967776835514288E-002 -2.979558327441845E-003
   6.21875000000000       1.930461816172545E-002 -2.549381374820475E-003
   6.25000000000000       1.901364847205802E-002 -2.145409585762112E-003
   6.28125000000000       1.873510255063155E-002 -1.745360761363170E-003
   6.31250000000000       1.845474492932559E-002 -1.347577678229070E-003
   6.34375000000000       1.816484629086938E-002 -9.512535254449398E-004
   6.37500000000000       1.785932967079429E-002 -5.558724106657820E-004
   6.40625000000000       1.753183586894707E-002 -1.610220335982341E-004
   6.43750000000000       1.717381521317236E-002  2.337248807291486E-004
   6.46875000000000       1.677023866138131E-002  6.289930759256663E-004
   6.50000000000000       1.627800353199368E-002  1.026423031675511E-003
   6.53125000000000       1.564851260475986E-002  1.207549506648190E-003
   6.56250000000000       1.518653437125094E-002  1.291895835003212E-003
   6.59375000000000       1.478267774791049E-002  1.373214884788877E-003
   6.62500000000000       1.441215751096891E-002  1.452542690389419E-003
   6.65625000000000       1.406395749446807E-002  1.530379695504745E-003
   6.68750000000000       1.373142896126957E-002  1.607056721890293E-003
   6.71875000000000       1.340971448082953E-002  1.682841454280360E-003
   6.75000000000000       1.309455907073848E-002  1.757996518368310E-003
   6.78125000000000       1.278128707323727E-002  1.832846259093634E-003
   6.81250000000000       1.246268906053857E-002  1.907945588870042E-003
   6.84375000000000       1.211282622344389E-002  1.985457760999847E-003
   6.87500000000000       1.175667030421903E-002  1.964125970600842E-003
   6.90625000000000       1.145642940199480E-002  1.935309232023654E-003
   6.93750000000000       1.118130484759722E-002  1.904092130379011E-003
   6.96875000000000       1.092485845609034E-002  1.871062066904949E-003
   7.00000000000000       1.068395346762679E-002  1.836509722334345E-003
   7.03125000000000       1.045675965789903E-002  1.800606696483988E-003
   7.06250000000000       1.024218135711714E-002  1.763456189828068E-003
   7.09375000000000       1.003968529162988E-002  1.725106670610731E-003
   7.12500000000000       9.849366661448844E-003  1.685540959337241E-003
   7.15625000000000       9.672449337341406E-003  1.644614757576315E-003
   7.18750000000000       9.514272552294721E-003  1.601690268812808E-003
   7.21875000000000       9.384097864660690E-003  1.587455630863765E-003
   7.25000000000000       9.235701962434851E-003  1.589206719672476E-003
   7.28125000000000       9.082915123668815E-003  1.591861157137182E-003
   7.31250000000000       8.928693036172251E-003  1.595005297484116E-003
   7.34375000000000       8.773992711903895E-003  1.598484992082090E-003
   7.37500000000000       8.619100346917130E-003  1.602233618275296E-003
   7.40625000000000       8.463955833674791E-003  1.606228905397866E-003
   7.43750000000000       8.308243371031306E-003  1.610479350502997E-003
   7.46875000000000       8.151371623202935E-003  1.615023472134367E-003
   7.50000000000000       7.992320174705241E-003  1.619942361718213E-003
   7.53125000000000       7.829091770209049E-003  1.625408521784321E-003
   7.56250000000000       7.655016697849642E-003  1.632020975782676E-003
   7.59375000000000       7.470100985513298E-003  1.609396088214709E-003
   7.62500000000000       7.303408696168011E-003  1.580658459570801E-003
   7.65625000000000       7.142583655261023E-003  1.551459241139354E-003
   7.68750000000000       6.984619916260584E-003  1.522086376738343E-003
   7.71875000000000       6.827477631958009E-003  1.492738774641509E-003
   7.75000000000000       6.669117518298990E-003  1.463618705988139E-003
   7.78125000000000       6.506969407184016E-003  1.434985236962379E-003
   7.81250000000000       6.337227549862273E-003  1.407227699616245E-003
   7.84375000000000       6.153402962142257E-003  1.381019259375822E-003
   7.87500000000000       5.942462250315227E-003  1.357731085853065E-003
   7.90625000000000       5.670758785824815E-003  1.340958150615715E-003
   7.93750000000000       5.185771369896826E-003  1.347339597395307E-003
   7.96875000000000       4.984386310466996E-003 -3.995216704932216E-007
   8.00000000000000       5.424938120211814E-003 -2.534323650664645E-007
   8.03125000000000       5.579555542939265E-003 -1.991359038033166E-007
   8.06250000000000       5.655040003046983E-003 -1.680046786538223E-007
   8.09375000000000       5.692978936086601E-003 -1.471552842330129E-007
   8.12500000000000       5.709157483903037E-003 -1.319675900025760E-007
   8.15625000000000       5.711293430904426E-003 -1.202953203841738E-007
   8.18750000000000       5.703742704162544E-003 -1.109823798119963E-007
   8.21875000000000       5.689204773170829E-003 -1.033422545828447E-007
   8.25000000000000       5.669466555299394E-003 -9.693785164603463E-008
   8.28125000000000       5.645770208284035E-003 -9.147589118216353E-008
   8.31250000000000       5.619012357086715E-003 -8.675131170156504E-008
   8.34375000000000       5.589859799001495E-003 -8.261591989752596E-008
   8.37500000000000       5.558820502169205E-003 -7.895964351207021E-008
   8.40625000000000       5.526289185257712E-003 -7.569884172339695E-008
   8.43750000000000       5.492577648177578E-003 -7.276868854534722E-008
   8.46875000000000       5.457935639560247E-003 -7.011810923630347E-008
   8.50000000000000       5.422565564131792E-003 -6.770624864422024E-008
   8.53125000000000       5.386633110138967E-003 -6.550000975876277E-008
   8.56250000000000       5.350275071330213E-003 -6.347227531010958E-008
   8.59375000000000       5.313605233294071E-003 -6.160059455364170E-008
   8.62500000000000       5.276718820192677E-003 -5.986620318115701E-008
   8.65625000000000       5.239695962460361E-003 -5.825330077787307E-008
   8.68750000000000       5.202604405929309E-003 -5.674846540890067E-008
   8.71875000000000       5.165501618960481E-003 -5.534023141134806E-008
   8.75000000000000       5.128436535918672E-003 -5.401873162968102E-008
   8.78125000000000       5.091450896472918E-003 -5.277543263762816E-008
   8.81250000000000       5.054580400326137E-003 -5.160290753530123E-008
   8.84375000000000       5.017855588092986E-003 -5.049466539083731E-008
   8.87500000000000       4.981302636769204E-003 -4.944500335108223E-008
   8.90625000000000       4.944943955944930E-003 -4.844889361119658E-008
   8.93750000000000       4.908798734808396E-003 -4.750188261487542E-008
   8.96875000000000       4.872883377333131E-003 -4.660000826370140E-008
   9.00000000000000       4.837211872340107E-003 -4.573973788942344E-008
   9.03125000000000       4.801796119208534E-003 -4.491791362979807E-008
   9.06250000000000       4.766646189665659E-003 -4.413169091204919E-008
   9.09375000000000       4.731770560737286E-003 -4.337851215146501E-008
   9.12500000000000       4.697176324687948E-003 -4.265606796849029E-008
   9.15625000000000       4.662869347375825E-003 -4.196226729921715E-008
   9.18750000000000       4.628854419325030E-003 -4.129521189797904E-008
   9.21875000000000       4.595135397167861E-003 -4.065316956797894E-008
   9.25000000000000       4.561715298398938E-003 -4.003456728368676E-008
   9.28125000000000       4.528596407341086E-003 -3.943795969819501E-008
   9.31250000000000       4.495780370184528E-003 -3.886202834970482E-008
   9.34375000000000       4.463268254798458E-003 -3.830556120625620E-008
   9.37500000000000       4.431060631876163E-003 -3.776744196435446E-008
   9.40625000000000       4.399157614638793E-003 -3.724664715547179E-008
   9.43750000000000       4.367558933379587E-003 -3.674222047923457E-008
   9.46875000000000       4.336263968007013E-003 -3.625329119900028E-008
   9.50000000000000       4.305271790978383E-003 -3.577904929314991E-008
   9.53125000000000       4.274581195809393E-003 -3.531873811237618E-008
   9.56250000000000       4.244190744812616E-003 -3.487165718783493E-008
   9.59375000000000       4.214098791674769E-003 -3.443715808288593E-008
   9.62500000000000       4.184303495546547E-003 -3.401463145767333E-008
   9.65625000000000       4.154802864294138E-003 -3.360351831986446E-008
   9.68750000000000       4.125594750409879E-003 -3.320328361091669E-008
   9.71875000000000       4.096676893933480E-003 -3.281343655776522E-008
   9.75000000000000       4.068046925404626E-003 -3.243351351522200E-008
   9.78125000000000       4.039702375640358E-003 -3.206308210163781E-008
   9.81250000000000       4.011640699622417E-003 -3.170173358745069E-008
   9.84375000000000       3.983859286764249E-003 -3.134908665756395E-008
   9.87500000000000       3.956355470243252E-003 -3.100478204298013E-008
   9.90625000000000       3.929126523234847E-003 -3.066847900318155E-008
   9.93750000000000       3.902169691930245E-003 -3.033985787586892E-008
   9.96875000000000       3.875482184853110E-003 -3.001862039546605E-008
   10.0000000000000       3.849061186927151E-003 -2.970448142330679E-008
   11.0000000000000       3.499146533570137E-003  0.000000000000000E+000
   12.0000000000000       3.207550989105959E-003  0.000000000000000E+000
   13.0000000000000       2.960816297636270E-003  0.000000000000000E+000
   14.0000000000000       2.749329419233679E-003  0.000000000000000E+000
   15.0000000000000       2.566040791284767E-003  0.000000000000000E+000
   16.0000000000000       2.405663241829469E-003  0.000000000000000E+000
   17.0000000000000       2.264153639368913E-003  0.000000000000000E+000
   18.0000000000000       2.138367326070640E-003  0.000000000000000E+000
   19.0000000000000       2.025821677330079E-003  0.000000000000000E+000
   20.0000000000000       1.924530593463575E-003  0.000000000000000E+000
   21.0000000000000       1.832886279489119E-003  0.000000000000000E+000
   22.0000000000000       1.749573266785069E-003  0.000000000000000E+000
   23.0000000000000       1.673504863881370E-003  0.000000000000000E+000
   24.0000000000000       1.603775494552980E-003  0.000000000000000E+000
   25.0000000000000       1.539624474770861E-003  0.000000000000000E+000
   26.0000000000000       1.480408148818135E-003  0.000000000000000E+000
   27.0000000000000       1.425578217380426E-003  0.000000000000000E+000
   28.0000000000000       1.374664709616840E-003  0.000000000000000E+000
   29.0000000000000       1.327262478250742E-003  0.000000000000000E+000
   30.0000000000000       1.283020395642384E-003  0.000000000000000E+000
   31.0000000000000       1.241632640944242E-003  0.000000000000000E+000
   32.0000000000000       1.202831620914735E-003  0.000000000000000E+000
   33.0000000000000       1.166382177856713E-003  0.000000000000000E+000
   34.0000000000000       1.132076819684456E-003  0.000000000000000E+000
   35.0000000000000       1.099731767693472E-003  0.000000000000000E+000
   36.0000000000000       1.069183663035320E-003  0.000000000000000E+000
   37.0000000000000       1.040286807277608E-003  0.000000000000000E+000
   38.0000000000000       1.012910838665040E-003  0.000000000000000E+000
   39.0000000000000       9.869387658787566E-004  0.000000000000000E+000
   40.0000000000000       9.622652967317877E-004  0.000000000000000E+000
   41.0000000000000       9.387954114456466E-004  0.000000000000000E+000
   42.0000000000000       9.164431397445597E-004  0.000000000000000E+000
   43.0000000000000       8.951305085877095E-004  0.000000000000000E+000
   44.0000000000000       8.747866333925343E-004  0.000000000000000E+000
   45.0000000000000       8.553469304282558E-004  0.000000000000000E+000
   46.0000000000000       8.367524319406850E-004  0.000000000000000E+000
   47.0000000000000       8.189491887079045E-004  0.000000000000000E+000
   48.0000000000000       8.018877472764898E-004  0.000000000000000E+000
   49.0000000000000       7.855226912096226E-004  0.000000000000000E+000
   50.0000000000000       7.698122373854303E-004  0.000000000000000E+000
   51.0000000000000       7.547178797896374E-004  0.000000000000000E+000
   52.0000000000000       7.402040744090675E-004  0.000000000000000E+000
   53.0000000000000       7.262379597975756E-004  0.000000000000000E+000
   54.0000000000000       7.127891086902131E-004  0.000000000000000E+000
   55.0000000000000       6.998293067140275E-004  0.000000000000000E+000
   56.0000000000000       6.873323548084199E-004  0.000000000000000E+000
   57.0000000000000       6.752738924433598E-004  0.000000000000000E+000
   58.0000000000000       6.636312391253709E-004  0.000000000000000E+000
   59.0000000000000       6.523832520215511E-004  0.000000000000000E+000
   60.0000000000000       6.415101978211918E-004  0.000000000000000E+000
   61.0000000000000       6.309936372011723E-004  0.000000000000000E+000
   62.0000000000000       6.208163204721211E-004  0.000000000000000E+000
   63.0000000000000       6.109620931630398E-004  0.000000000000000E+000
   64.0000000000000       6.014158104573673E-004  0.000000000000000E+000
   65.0000000000000       5.921632595272540E-004  0.000000000000000E+000
   66.0000000000000       5.831910889283563E-004  0.000000000000000E+000
   67.0000000000000       5.744867443174852E-004  0.000000000000000E+000
   68.0000000000000       5.660384098422281E-004  0.000000000000000E+000
   69.0000000000000       5.578349546271233E-004  0.000000000000000E+000
   70.0000000000000       5.498658838467359E-004  0.000000000000000E+000
   71.0000000000000       5.421212939334015E-004  0.000000000000000E+000
   72.0000000000000       5.345918315176599E-004  0.000000000000000E+000
   73.0000000000000       5.272686557434453E-004  0.000000000000000E+000
   74.0000000000000       5.201434036388042E-004  0.000000000000000E+000
   75.0000000000000       5.132081582569535E-004  0.000000000000000E+000
   76.0000000000000       5.064554193325198E-004  0.000000000000000E+000
   77.0000000000000       4.998780762243053E-004  0.000000000000000E+000
   78.0000000000000       4.934693829393783E-004  0.000000000000000E+000
   79.0000000000000       4.872229350540698E-004  0.000000000000000E+000
   80.0000000000000       4.811326483658939E-004  0.000000000000000E+000
   81.0000000000000       4.751927391268088E-004  0.000000000000000E+000
   82.0000000000000       4.693977057228233E-004  0.000000000000000E+000
   83.0000000000000       4.637423116779700E-004  0.000000000000000E+000
   84.0000000000000       4.582215698722799E-004  0.000000000000000E+000
   85.0000000000000       4.528307278737824E-004  0.000000000000000E+000
   86.0000000000000       4.475652542938548E-004  0.000000000000000E+000
   87.0000000000000       4.424208260835806E-004  0.000000000000000E+000
   88.0000000000000       4.373933166962671E-004  0.000000000000000E+000
   89.0000000000000       4.324787850479945E-004  0.000000000000000E+000
   90.0000000000000       4.276734652141279E-004  0.000000000000000E+000
   91.0000000000000       4.229737568051814E-004  0.000000000000000E+000
   92.0000000000000       4.183762159703425E-004  0.000000000000000E+000
   93.0000000000000       4.138775469814141E-004  0.000000000000000E+000
   94.0000000000000       4.094745943539522E-004  0.000000000000000E+000
   95.0000000000000       4.051643354660159E-004  0.000000000000000E+000
   96.0000000000000       4.009438736382449E-004  0.000000000000000E+000
   97.0000000000000       3.968104316419743E-004  0.000000000000000E+000
   98.0000000000000       3.927613456048113E-004  0.000000000000000E+000
   99.0000000000000       3.887940592855708E-004  0.000000000000000E+000
   100.000000000000       3.849061186927151E-004  0.000000000000000E+000
   101.000000000000       3.810951670224902E-004  0.000000000000000E+000
   102.000000000000       3.773589398948187E-004  0.000000000000000E+000
   103.000000000000       3.736952608667137E-004  0.000000000000000E+000
   104.000000000000       3.701020372045338E-004  0.000000000000000E+000
   105.000000000000       3.665772558978239E-004  0.000000000000000E+000
   106.000000000000       3.631189798987878E-004  0.000000000000000E+000
   107.000000000000       3.597253445726309E-004  0.000000000000000E+000
   108.000000000000       3.563945543451066E-004  0.000000000000000E+000
   109.000000000000       3.531248795346010E-004  0.000000000000000E+000
   110.000000000000       3.499146533570137E-004  0.000000000000000E+000
   111.000000000000       3.467622690925361E-004  0.000000000000000E+000
   112.000000000000       3.436661774042099E-004  0.000000000000000E+000
   113.000000000000       3.406248837988629E-004  0.000000000000000E+000
   114.000000000000       3.376369462216799E-004  0.000000000000000E+000
   115.000000000000       3.347009727762740E-004  0.000000000000000E+000
   116.000000000000       3.318156195626855E-004  0.000000000000000E+000
   117.000000000000       3.289795886262522E-004  0.000000000000000E+000
   118.000000000000       3.261916260107755E-004  0.000000000000000E+000
   119.000000000000       3.234505199098446E-004  0.000000000000000E+000
   120.000000000000       3.207550989105959E-004  0.000000000000000E+000
   121.000000000000       3.181042303245579E-004  0.000000000000000E+000
   122.000000000000       3.154968186005862E-004  0.000000000000000E+000
   123.000000000000       3.129318038152155E-004  0.000000000000000E+000
   124.000000000000       3.104081602360606E-004  0.000000000000000E+000
   125.000000000000       3.079248949541721E-004  0.000000000000000E+000
   126.000000000000       3.054810465815199E-004  0.000000000000000E+000
   127.000000000000       3.030756840100119E-004  0.000000000000000E+000
   128.000000000000       3.007079052286837E-004  0.000000000000000E+000
   129.000000000000       2.983768361959032E-004  0.000000000000000E+000
   130.000000000000       2.960816297636270E-004  0.000000000000000E+000
   131.000000000000       2.938214646509275E-004  0.000000000000000E+000
   132.000000000000       2.915955444641781E-004  0.000000000000000E+000
   133.000000000000       2.894030967614399E-004  0.000000000000000E+000
   134.000000000000       2.872433721587426E-004  0.000000000000000E+000
   135.000000000000       2.851156434760853E-004  0.000000000000000E+000
   136.000000000000       2.830192049211141E-004  0.000000000000000E+000
   137.000000000000       2.809533713085511E-004  0.000000000000000E+000
   138.000000000000       2.789174773135617E-004  0.000000000000000E+000
   139.000000000000       2.769108767573490E-004  0.000000000000000E+000
   140.000000000000       2.749329419233679E-004  0.000000000000000E+000
   141.000000000000       2.729830629026348E-004  0.000000000000000E+000
   142.000000000000       2.710606469667007E-004  0.000000000000000E+000
   143.000000000000       2.691651179669336E-004  0.000000000000000E+000
   144.000000000000       2.672959157588300E-004  0.000000000000000E+000
   145.000000000000       2.654524956501483E-004  0.000000000000000E+000
   146.000000000000       2.636343278717227E-004  0.000000000000000E+000
   147.000000000000       2.618408970698742E-004  0.000000000000000E+000
   148.000000000000       2.600717018194021E-004  0.000000000000000E+000
   149.000000000000       2.583262541561846E-004  0.000000000000000E+000
   150.000000000000       2.566040791284767E-004  0.000000000000000E+000
   151.000000000000       2.549047143660365E-004  0.000000000000000E+000
   152.000000000000       2.532277096662599E-004  0.000000000000000E+000
   153.000000000000       2.515726265965458E-004  0.000000000000000E+000
   154.000000000000       2.499390381121527E-004  0.000000000000000E+000
   155.000000000000       2.483265281888484E-004  0.000000000000000E+000
   156.000000000000       2.467346914696892E-004  0.000000000000000E+000
   157.000000000000       2.451631329252962E-004  0.000000000000000E+000
   158.000000000000       2.436114675270349E-004  0.000000000000000E+000
   159.000000000000       2.420793199325252E-004  0.000000000000000E+000
   160.000000000000       2.405663241829469E-004  0.000000000000000E+000
   161.000000000000       2.390721234116243E-004  0.000000000000000E+000
   162.000000000000       2.375963695634044E-004  0.000000000000000E+000
   163.000000000000       2.361387231243651E-004  0.000000000000000E+000
   164.000000000000       2.346988528614117E-004  0.000000000000000E+000
   165.000000000000       2.332764355713425E-004  0.000000000000000E+000
   166.000000000000       2.318711558389850E-004  0.000000000000000E+000
   167.000000000000       2.304827058040210E-004  0.000000000000000E+000
   168.000000000000       2.291107849361399E-004  0.000000000000000E+000
   169.000000000000       2.277550998181746E-004  0.000000000000000E+000
   170.000000000000       2.264153639368912E-004  0.000000000000000E+000
   171.000000000000       2.250912974811199E-004  0.000000000000000E+000
   172.000000000000       2.237826271469274E-004  0.000000000000000E+000
   173.000000000000       2.224890859495463E-004  0.000000000000000E+000
   174.000000000000       2.212104130417903E-004  0.000000000000000E+000
   175.000000000000       2.199463535386943E-004  0.000000000000000E+000
   176.000000000000       2.186966583481336E-004  0.000000000000000E+000
   177.000000000000       2.174610840071837E-004  0.000000000000000E+000
   178.000000000000       2.162393925239972E-004  0.000000000000000E+000
   179.000000000000       2.150313512249805E-004  0.000000000000000E+000
   180.000000000000       2.138367326070640E-004  0.000000000000000E+000
   181.000000000000       2.126553141948702E-004  0.000000000000000E+000
   182.000000000000       2.114868784025907E-004  0.000000000000000E+000
   183.000000000000       2.103312124003908E-004  0.000000000000000E+000
   184.000000000000       2.091881079851713E-004  0.000000000000000E+000
   185.000000000000       2.080573614555217E-004  0.000000000000000E+000
   186.000000000000       2.069387734907070E-004  0.000000000000000E+000
   187.000000000000       2.058321490335375E-004  0.000000000000000E+000
   188.000000000000       2.047372971769761E-004  0.000000000000000E+000
   189.000000000000       2.036540310543466E-004  0.000000000000000E+000
   190.000000000000       2.025821677330079E-004  0.000000000000000E+000
   191.000000000000       2.015215281113692E-004  0.000000000000000E+000
   192.000000000000       2.004719368191224E-004  0.000000000000000E+000
   193.000000000000       1.994332221205778E-004  0.000000000000000E+000
   194.000000000000       1.984052158209872E-004  0.000000000000000E+000
   195.000000000000       1.973877531757513E-004  0.000000000000000E+000
   196.000000000000       1.963806728024057E-004  0.000000000000000E+000
   197.000000000000       1.953838165952868E-004  0.000000000000000E+000
   198.000000000000       1.943970296427854E-004  0.000000000000000E+000
   199.000000000000       1.934201601470930E-004  0.000000000000000E+000
   200.000000000000       1.924530593463576E-004  0.000000000000000E+000
   201.000000000000       1.914955814391617E-004  0.000000000000000E+000
   202.000000000000       1.905475835112451E-004  0.000000000000000E+000
   203.000000000000       1.896089254643917E-004  0.000000000000000E+000
   204.000000000000       1.886794699474094E-004  0.000000000000000E+000
   205.000000000000       1.877590822891293E-004  0.000000000000000E+000
   206.000000000000       1.868476304333569E-004  0.000000000000000E+000
   207.000000000000       1.859449848757078E-004  0.000000000000000E+000
   208.000000000000       1.850510186022669E-004  0.000000000000000E+000
   209.000000000000       1.841656070300072E-004  0.000000000000000E+000
   210.000000000000       1.832886279489120E-004  0.000000000000000E+000
   211.000000000000       1.824199614657418E-004  0.000000000000000E+000
   212.000000000000       1.815594899493939E-004  0.000000000000000E+000
   213.000000000000       1.807070979778005E-004  0.000000000000000E+000
   214.000000000000       1.798626722863155E-004  0.000000000000000E+000
   215.000000000000       1.790261017175419E-004  0.000000000000000E+000
   216.000000000000       1.781972771725533E-004  0.000000000000000E+000
   217.000000000000       1.773760915634632E-004  0.000000000000000E+000
   218.000000000000       1.765624397673005E-004  0.000000000000000E+000
   219.000000000000       1.757562185811484E-004  0.000000000000000E+000
   220.000000000000       1.749573266785069E-004  0.000000000000000E+000
   221.000000000000       1.741656645668394E-004  0.000000000000000E+000
   222.000000000000       1.733811345462681E-004  0.000000000000000E+000
   223.000000000000       1.726036406693790E-004  0.000000000000000E+000
   224.000000000000       1.718330887021050E-004  0.000000000000000E+000
   225.000000000000       1.710693860856511E-004  0.000000000000000E+000
   226.000000000000       1.703124418994315E-004  0.000000000000000E+000
   227.000000000000       1.695621668249846E-004  0.000000000000000E+000
   228.000000000000       1.688184731108399E-004  0.000000000000000E+000
   229.000000000000       1.680812745383035E-004  0.000000000000000E+000
   230.000000000000       1.673504863881370E-004  0.000000000000000E+000
   231.000000000000       1.666260254081018E-004  0.000000000000000E+000
   232.000000000000       1.659078097813427E-004  0.000000000000000E+000
   233.000000000000       1.651957590955859E-004  0.000000000000000E+000
   234.000000000000       1.644897943131261E-004  0.000000000000000E+000
   235.000000000000       1.637898377415809E-004  0.000000000000000E+000
   236.000000000000       1.630958130053878E-004  0.000000000000000E+000
   237.000000000000       1.624076450180233E-004  0.000000000000000E+000
   238.000000000000       1.617252599549223E-004  0.000000000000000E+000
   239.000000000000       1.610485852270774E-004  0.000000000000000E+000
   240.000000000000       1.603775494552980E-004  0.000000000000000E+000
   241.000000000000       1.597120824451100E-004  0.000000000000000E+000
   242.000000000000       1.590521151622790E-004  0.000000000000000E+000
   243.000000000000       1.583975797089362E-004  0.000000000000000E+000
   244.000000000000       1.577484093002931E-004  0.000000000000000E+000
   245.000000000000       1.571045382419245E-004  0.000000000000000E+000
   246.000000000000       1.564659019076078E-004  0.000000000000000E+000
   247.000000000000       1.558324367176984E-004  0.000000000000000E+000
   248.000000000000       1.552040801180303E-004  0.000000000000000E+000
   249.000000000000       1.545807705593233E-004  0.000000000000000E+000
   250.000000000000       1.539624474770860E-004  0.000000000000000E+000
   251.000000000000       1.533490512719980E-004  0.000000000000000E+000
   252.000000000000       1.527405232907600E-004  0.000000000000000E+000
   253.000000000000       1.521368058073973E-004  0.000000000000000E+000
   254.000000000000       1.515378420050060E-004  0.000000000000000E+000
   255.000000000000       1.509435759579275E-004  0.000000000000000E+000
   256.000000000000       1.503539526143418E-004  0.000000000000000E+000
   257.000000000000       1.497689177792666E-004  0.000000000000000E+000
   258.000000000000       1.491884180979516E-004  0.000000000000000E+000
   259.000000000000       1.486124010396583E-004  0.000000000000000E+000
   260.000000000000       1.480408148818135E-004  0.000000000000000E+000
   261.000000000000       1.474736086945268E-004  0.000000000000000E+000
   262.000000000000       1.469107323254638E-004  0.000000000000000E+000
   263.000000000000       1.463521363850628E-004  0.000000000000000E+000
   264.000000000000       1.457977722320891E-004  0.000000000000000E+000
   265.000000000000       1.452475919595151E-004  0.000000000000000E+000
   266.000000000000       1.447015483807200E-004  0.000000000000000E+000
   267.000000000000       1.441595950159982E-004  0.000000000000000E+000
   268.000000000000       1.436216860793713E-004  0.000000000000000E+000
   269.000000000000       1.430877764656934E-004  0.000000000000000E+000
   270.000000000000       1.425578217380426E-004  0.000000000000000E+000
   271.000000000000       1.420317781153930E-004  0.000000000000000E+000
   272.000000000000       1.415096024605570E-004  0.000000000000000E+000
   273.000000000000       1.409912522683938E-004  0.000000000000000E+000
   274.000000000000       1.404766856542756E-004  0.000000000000000E+000
   275.000000000000       1.399658613428055E-004  0.000000000000000E+000
   276.000000000000       1.394587386567808E-004  0.000000000000000E+000
   277.000000000000       1.389552775063953E-004  0.000000000000000E+000
   278.000000000000       1.384554383786745E-004  0.000000000000000E+000
   279.000000000000       1.379591823271380E-004  0.000000000000000E+000
   280.000000000000       1.374664709616840E-004  0.000000000000000E+000
   281.000000000000       1.369772664386886E-004  0.000000000000000E+000
   282.000000000000       1.364915314513174E-004  0.000000000000000E+000
   283.000000000000       1.360092292200407E-004  0.000000000000000E+000
   284.000000000000       1.355303234833504E-004  0.000000000000000E+000
   285.000000000000       1.350547784886720E-004  0.000000000000000E+000
   286.000000000000       1.345825589834668E-004  0.000000000000000E+000
   287.000000000000       1.341136302065209E-004  0.000000000000000E+000
   288.000000000000       1.336479578794150E-004  0.000000000000000E+000
   289.000000000000       1.331855081981713E-004  0.000000000000000E+000
   290.000000000000       1.327262478250742E-004  0.000000000000000E+000
   291.000000000000       1.322701438806581E-004  0.000000000000000E+000
   292.000000000000       1.318171639358613E-004  0.000000000000000E+000
   293.000000000000       1.313672760043396E-004  0.000000000000000E+000
   294.000000000000       1.309204485349371E-004  0.000000000000000E+000
   295.000000000000       1.304766504043102E-004  0.000000000000000E+000
   296.000000000000       1.300358509097010E-004  0.000000000000000E+000
   297.000000000000       1.295980197618569E-004  0.000000000000000E+000
   298.000000000000       1.291631270780923E-004  0.000000000000000E+000
   299.000000000000       1.287311433754900E-004  0.000000000000000E+000
   300.000000000000       1.283020395642384E-004  0.000000000000000E+000
   301.000000000000       1.278757869411014E-004  0.000000000000000E+000
   302.000000000000       1.274523571830183E-004  0.000000000000000E+000
   303.000000000000       1.270317223408301E-004  0.000000000000000E+000
   304.000000000000       1.266138548331300E-004  0.000000000000000E+000
   305.000000000000       1.261987274402345E-004  0.000000000000000E+000
   306.000000000000       1.257863132982729E-004  0.000000000000000E+000
   307.000000000000       1.253765858933925E-004  0.000000000000000E+000
   308.000000000000       1.249695190560763E-004  0.000000000000000E+000
   309.000000000000       1.245650869555712E-004  0.000000000000000E+000
   310.000000000000       1.241632640944242E-004  0.000000000000000E+000
